5.0,6.0,6.0,6.166666666666667,6.166666666666667,6.166666666666667,6.166666666666667,6.166666666666667,6.166666666666667,6.166666666666667,4.0,6.166666666666667,6.166666666666667,6.166666666666667,6.166666666666667,6.166666666666667,6.166666666666667,6.166666666666667,6.166666666666667,6.166666666666667,0,6.166666666666667,6.166666666666667,6.0,6.166666666666667,6.166666666666667,6.166666666666667,6.166666666666667,6.166666666666667,6.166666666666667,5.0,5.8,6.166666666666667,6.166666666666667,6.166666666666667,6.166666666666667,6.166666666666667,6.0,5.8,6.0,4.75,6.166666666666667,6.166666666666667,6.166666666666667,6.166666666666667,6.166666666666667,6.0,6.0,6.0,6.0,3.6666666666666665,6.0,6.0,6.0,6.0,6.0,6.166666666666667,6.166666666666667,6.166666666666667,6.166666666666667,4.666666666666667,6.166666666666667,5.8,6.166666666666667,6.166666666666667,6.166666666666667,5.4,6.166666666666667,6.166666666666667,6.166666666666667,4.75,6.166666666666667,6.8,6.166666666666667,6.166666666666667,6.166666666666667,6.166666666666667,6.166666666666667,6.166666666666667,6.166666666666667,0,6.166666666666667,6.166666666666667,6.166666666666667,6.166666666666667,6.166666666666667,6.166666666666667,6.166666666666667,6.166666666666667,6.166666666666667,6.0,6.166666666666667,6.166666666666667,6.166666666666667,6.166666666666667,6.166666666666667,6.166666666666667,6.166666666666667,6.166666666666667,6.166666666666667,6.8,6.166666666666667,6.166666666666667,6.166666666666667,6.166666666666667,6.166666666666667,6.166666666666667,6.166666666666667,6.166666666666667,6.166666666666667,6.8,6.166666666666667,6.166666666666667,6.166666666666667,6.166666666666667,6.166666666666667,6.166666666666667,6.166666666666667,6.166666666666667,6.166666666666667,0,6.166666666666667,6.166666666666667,6.166666666666667,6.166666666666667,6.166666666666667,6.166666666666667,6.166666666666667,6.0,6.166666666666667,6.8,6.166666666666667,6.166666666666667,6.166666666666667,6.166666666666667,6.166666666666667,6.166666666666667,6.166666666666667,6.166666666666667,6.166666666666667,0,6.166666666666667,6.166666666666667,6.166666666666667,6.166666666666667,6.166666666666667,6.166666666666667,6.166666666666667,6.166666666666667,6.166666666666667,6.8,6.166666666666667,6.166666666666667,6.166666666666667,6.166666666666667,6.166666666666667,6.166666666666667,6.166666666666667,6.166666666666667,6.166666666666667,6.8,6.166666666666667,6.166666666666667,6.166666666666667,6.166666666666667,6.166666666666667,6.166666666666667,6.166666666666667,6.166666666666667,6.166666666666667,6.8,6.166666666666667,6.166666666666667,6.166666666666667,6.166666666666667,6.166666666666667,6.166666666666667,6.166666666666667,6.166666666666667,6.166666666666667,6.8,6.166666666666667,6.166666666666667,6.166666666666667,6.166666666666667,6.166666666666667,6.166666666666667,6.166666666666667,6.166666666666667,6.166666666666667,6.166666666666667,6.166666666666667,6.166666666666667,6.166666666666667,6.166666666666667,6.166666666666667,6.166666666666667,6.166666666666667,6.166666666666667,6.166666666666667,0,6.166666666666667,6.166666666666667,6.166666666666667,6.166666666666667,6.166666666666667,6.166666666666667,6.166666666666667,6.166666666666667,6.166666666666667,5.8,6.166666666666667,6.166666666666667,6.166666666666667,6.166666666666667,6.166666666666667,6.0,6.0,6.0,6.0,5.75,6.0,6.0,6.0,6.0,6.0,6.0,6.0,6.0,6.0,5.6,6.0,6.0,6.0,6.0,6.0,6.0,6.0,6.0,6.0,5.75,6.0,6.0,6.0,6.0,6.0,6.0,6.0,6.0,6.0,5.6,6.0,6.0,6.0,6.0,6.0,6.0,6.0,6.0,6.0,0,6.0,5.2,6.4,6.0,6.0,6.0,6.0,6.0,6.0,4.5,6.0,6.0,6.0,6.0,6.0,6.0,6.0,6.0,6.0,4.5,6.0,5.833333333333333,5.833333333333333,5.833333333333333,5.833333333333333,5.833333333333333,5.833333333333333,5.833333333333333,5.833333333333333,5.0,5.833333333333333,5.833333333333333,5.833333333333333,5.833333333333333,5.833333333333333,5.833333333333333,5.833333333333333,5.833333333333333,5.666666666666667,4.8,5.666666666666667,5.666666666666667,5.6,5.666666666666667,5.666666666666667,5.666666666666667,5.666666666666667,5.666666666666667,5.666666666666667,4.8,5.666666666666667,5.666666666666667,5.666666666666667,5.666666666666667,5.666666666666667,5.666666666666667,5.666666666666667,5.666666666666667,5.666666666666667,0,5.666666666666667,5.666666666666667,5.6,5.833333333333333,5.833333333333333,5.833333333333333,5.833333333333333,5.833333333333333,5.833333333333333,5.75,5.833333333333333,5.833333333333333,5.833333333333333,5.833333333333333,5.833333333333333,5.833333333333333,5.833333333333333,5.833333333333333,5.833333333333333,5.75,5.833333333333333,5.833333333333333,5.833333333333333,5.833333333333333,5.833333333333333,5.833333333333333,5.833333333333333,5.666666666666667,5.666666666666667,5.5,5.666666666666667,5.666666666666667,5.666666666666667,5.666666666666667,5.666666666666667,5.666666666666667,5.666666666666667,5.666666666666667,5.666666666666667,5.5,5.666666666666667,5.666666666666667,5.666666666666667,5.666666666666667,5.666666666666667,5.666666666666667,5.666666666666667,5.666666666666667,5.666666666666667,6.25,5.666666666666667,5.666666666666667,5.4,5.666666666666667,5.666666666666667,5.666666666666667,5.666666666666667,5.666666666666667,5.666666666666667,0,5.666666666666667,5.666666666666667,5.666666666666667,5.666666666666667,5.666666666666667,5.5,5.5,5.5,5.5,6.0,5.5,5.5,5.5,5.5,5.5,5.5,5.333333333333333,5.333333333333333,5.333333333333333,6.0,5.333333333333333,5.333333333333333,5.333333333333333,5.333333333333333,5.333333333333333,5.333333333333333,5.166666666666667,5.166666666666667,5.0,5.75,4.333333333333333,4.166666666666667,4.0,3.6666666666666665,3.6666666666666665,3.6666666666666665,3.6666666666666665,3.5,3.5,4.0,3.5,3.5,3.5,3.3333333333333335,3.3333333333333335,3.3333333333333335,3.1666666666666665,3.1666666666666665,3.1666666666666665,3.5,3.0,3.0,3.0,2.8333333333333335,2.6666666666666665,2.6666666666666665,2.6666666666666665,2.6666666666666665,2.6666666666666665,0,2.6666666666666665,2.6666666666666665,2.5,2.5,2.3333333333333335,2.3333333333333335,2.3333333333333335,2.1666666666666665,2.1666666666666665,4.0,2.1666666666666665,2.1666666666666665,2.1666666666666665,2.1666666666666665,2.1666666666666665,2.1666666666666665,2.1666666666666665,2.3333333333333335,2.3333333333333335,2.3333333333333335,2.1666666666666665,1.8333333333333333,1.8333333333333333,1.6666666666666667,1.6666666666666667,1.5,1.5,1.5,1.5,1.3333333333333333,1.3333333333333333,1.3333333333333333,1.3333333333333333,1.3333333333333333,1.3333333333333333,1.3333333333333333,1.3333333333333333,1.3333333333333333,1.3333333333333333,0,1.3333333333333333,1.3333333333333333,1.3333333333333333,1.3333333333333333,1.3333333333333333,1.3333333333333333,1.3333333333333333,1.1666666666666667,1.1666666666666667,1.2,1.1666666666666667,1.1666666666666667,1.1666666666666667,1.1666666666666667,1.1666666666666667,1.1666666666666667,1.1666666666666667,1.1666666666666667,1.1666666666666667,0,1.1666666666666667,1.1666666666666667,1.1666666666666667,1.1666666666666667,1.1666666666666667,1.1666666666666667,1.1666666666666667,1.1666666666666667,1.1666666666666667,4.0,1.0,1.3333333333333333,1.5,1.5,1.1666666666666667,1.1666666666666667,1.1666666666666667,1.1666666666666667,1.1666666666666667,1.0,1.1666666666666667,1.1666666666666667,1.1666666666666667,1.1666666666666667,1.1666666666666667,1.1666666666666667,1.0,1.1666666666666667,1.1666666666666667,1.0,0.6,1.1666666666666667,1.1666666666666667,1.1666666666666667,1.1666666666666667,1.2,1.1666666666666667,1.1666666666666667,1.1666666666666667,0,1.1666666666666667,1.1666666666666667,1.1666666666666667,1.1666666666666667,1.3333333333333333,1.3333333333333333,1.3333333333333333,1.3333333333333333,1.3333333333333333,1.4,1.2,1.3333333333333333,1.3333333333333333,1.3333333333333333,1.3333333333333333,1.1666666666666667,1.1666666666666667,1.4,1.1666666666666667,0,1.1666666666666667,1.1666666666666667,1.1666666666666667,1.1666666666666667,1.4,1.1666666666666667,1.1666666666666667,1.4,1.1666666666666667,4.0,1.4,1.1666666666666667,1.4,1.1666666666666667,1.1666666666666667,1.1666666666666667,1.4,1.1666666666666667,1.1666666666666667,1.0,1.4,1.1666666666666667,1.1666666666666667,1.2,1.1666666666666667,1.5,1.1666666666666667,1.4,1.1666666666666667,1.6666666666666667,1.2,1.4,1.5,1.1666666666666667,1.1666666666666667,1.4,1.1666666666666667,1.1666666666666667,1.1666666666666667,0,1.4,1.1666666666666667,1.2,1.4,1.1666666666666667,1.1666666666666667,1.4,1.5,1.1666666666666667,3.0,1.1666666666666667,1.1666666666666667,1.2,1.2,1.2,1.0,1.2,1.2,1.2,0,1.2,1.2,1.2,1.2,1.2,1.3333333333333333,1.2,1.2,1.1666666666666667,4.0,1.1666666666666667,1.2,1.0,1.1666666666666667,1.1666666666666667,1.0,1.1666666666666667,1.4,1.1666666666666667,2.0,1.1666666666666667,1.1666666666666667,1.2,1.1666666666666667,1.1666666666666667,1.1666666666666667,1.1666666666666667,1.1666666666666667,1.1666666666666667,1.5,1.1666666666666667,1.1666666666666667,1.1666666666666667,1.1666666666666667,1.1666666666666667,1.1666666666666667,1.1666666666666667,1.1666666666666667,1.1666666666666667,0,1.1666666666666667,1.1666666666666667,1.1666666666666667,1.1666666666666667,1.1666666666666667,1.1666666666666667,1.1666666666666667,1.1666666666666667,1.1666666666666667,1.3333333333333333,1.3333333333333333,1.4,1.6,1.3333333333333333,1.3333333333333333,1.3333333333333333,1.3333333333333333,1.3333333333333333,1.3333333333333333,0,1.3333333333333333,1.3333333333333333,1.3333333333333333,1.3333333333333333,1.1666666666666667,1.1666666666666667,1.1666666666666667,1.1666666666666667,1.1666666666666667,1.5,1.1666666666666667,1.1666666666666667,1.1666666666666667,1.1666666666666667,1.4,1.1666666666666667,1.1666666666666667,1.1666666666666667,1.1666666666666667,1.1666666666666667,1.1666666666666667,1.2,1.1666666666666667,1.2,1.1666666666666667,1.2,1.1666666666666667,1.1666666666666667,1.1666666666666667,1.1666666666666667,1.2,1.3333333333333333,1.3333333333333333,1.3333333333333333,1.3333333333333333,1.3333333333333333,1.4,1.3333333333333333,1.3333333333333333,0,1.3333333333333333,1.3333333333333333,1.3333333333333333,1.3333333333333333,1.3333333333333333,1.3333333333333333,1.3333333333333333,1.3333333333333333,1.3333333333333333,1.4,1.3333333333333333,1.3333333333333333,1.3333333333333333,1.3333333333333333,1.3333333333333333,1.3333333333333333,1.3333333333333333,1.3333333333333333,1.3333333333333333,0,1.3333333333333333,1.3333333333333333,1.3333333333333333,1.3333333333333333,1.6,1.3333333333333333,1.3333333333333333,1.3333333333333333,1.3333333333333333,0,1.3333333333333333,1.3333333333333333,1.3333333333333333,1.3333333333333333,1.3333333333333333,1.3333333333333333,1.1666666666666667,1.1666666666666667,1.1666666666666667,1.5,1.1666666666666667,1.1666666666666667,1.1666666666666667,1.1666666666666667,1.1666666666666667,1.1666666666666667,1.1666666666666667,1.1666666666666667,1.1666666666666667,1.5,1.1666666666666667,1.1666666666666667,1.1666666666666667,1.1666666666666667,1.1666666666666667,1.1666666666666667,1.2,1.1666666666666667,1.1666666666666667,0,1.1666666666666667,1.1666666666666667,1.1666666666666667,1.1666666666666667,1.1666666666666667,1.1666666666666667,1.1666666666666667,1.1666666666666667,1.1666666666666667,1.5,1.1666666666666667,1.1666666666666667,1.1666666666666667,1.1666666666666667,1.2,1.1666666666666667,1.1666666666666667,1.2,1.1666666666666667,0,1.1666666666666667,1.1666666666666667,1.1666666666666667,1.1666666666666667,1.1666666666666667,1.1666666666666667,1.1666666666666667,1.1666666666666667,1.1666666666666667,0.6666666666666666,1.1666666666666667,1.1666666666666667,1.1666666666666667,1.1666666666666667,1.1666666666666667,1.1666666666666667,1.1666666666666667,1.4,1.3333333333333333,1.75,1.3333333333333333,1.3333333333333333,1.3333333333333333,1.3333333333333333,1.3333333333333333,1.3333333333333333,1.3333333333333333,1.3333333333333333,1.3333333333333333,1.75,1.3333333333333333,1.3333333333333333,1.3333333333333333,1.3333333333333333,1.3333333333333333,1.3333333333333333,1.3333333333333333,1.3333333333333333,1.3333333333333333,0,1.0,1.1666666666666667,1.1666666666666667,1.1666666666666667,1.1666666666666667,1.1666666666666667,1.1666666666666667,1.1666666666666667,1.1666666666666667,1.2,1.1666666666666667,1.6,1.5,1.5,1.6666666666666667,1.6666666666666667,1.6666666666666667,1.6666666666666667,1.6666666666666667,0,1.6666666666666667,1.6666666666666667,1.6666666666666667,1.6,1.6666666666666667,1.6666666666666667,1.6666666666666667,1.6666666666666667,1.6666666666666667,1.6666666666666667,1.6666666666666667,1.6666666666666667,1.6666666666666667,1.6666666666666667,1.6666666666666667,1.4,1.6666666666666667,1.6666666666666667,1.6666666666666667,1.75,1.6666666666666667,1.8333333333333333,1.8333333333333333,1.8333333333333333,1.8333333333333333,1.8333333333333333,1.8333333333333333,1.8333333333333333,1.8333333333333333,2.0,1.8333333333333333,1.8333333333333333,1.8333333333333333,1.8333333333333333,1.8333333333333333,1.8333333333333333,2.0,2.0,2.0,0,2.0,1.8333333333333333,1.8333333333333333,1.8333333333333333,1.8333333333333333,1.8333333333333333,1.8333333333333333,1.6666666666666667,1.6666666666666667,2.0,1.6666666666666667,1.6666666666666667,1.6666666666666667,1.6666666666666667,1.6666666666666667,1.6666666666666667,1.6666666666666667,1.6666666666666667,1.6666666666666667,0,1.8,1.6666666666666667,1.6666666666666667,1.5,1.8,1.5,1.5,1.5,1.5,1.5,1.5,1.5,1.5,1.5,1.5,1.8,1.5,1.5,1.5,2.3333333333333335,1.5,1.3333333333333333,1.3333333333333333,1.3333333333333333,1.3333333333333333,1.3333333333333333,1.3333333333333333,1.3333333333333333,1.3333333333333333,2.0,1.3333333333333333,1.6,1.3333333333333333,1.3333333333333333,1.6,1.0,1.0,1.0,1.0,0,1.0,1.0,1.0,1.0,1.0,1.0,1.0,1.0,1.0,0.8,1.0,1.0,1.0,1.0,1.0,1.0,1.0,0.8333333333333334,1.3333333333333333,0,1.3333333333333333,1.3333333333333333,1.3333333333333333,1.1666666666666667,1.1666666666666667,1.3333333333333333,1.3333333333333333,1.3333333333333333,1.3333333333333333,0,1.4,1.6666666666666667,1.6666666666666667,1.8333333333333333,1.8333333333333333,1.8333333333333333,1.8333333333333333,1.8333333333333333,1.8333333333333333,1.5,2.0,2.1666666666666665,2.1666666666666665,2.1666666666666665,2.1666666666666665,2.1666666666666665,2.1666666666666665,2.5,2.6666666666666665,2.5,2.8333333333333335,3.0,3.0,3.0,3.0,2.8333333333333335,2.8333333333333335,2.8333333333333335,2.8333333333333335,0,1.75,2.8333333333333335,3.0,3.0,3.0,3.0,3.0,3.0,3.3333333333333335,3.0,3.3333333333333335,3.3333333333333335,3.4,3.5,3.5,3.8333333333333335,3.8333333333333335,3.8333333333333335,4.166666666666667,0,4.2,4.166666666666667,4.0,4.166666666666667,4.2,4.166666666666667,4.166666666666667,4.166666666666667,4.333333333333333,0,4.5,4.666666666666667,4.666666666666667,4.666666666666667,4.5,4.5,4.666666666666667,4.666666666666667,4.666666666666667,4.2,4.5,4.5,4.5,4.5,4.666666666666667,4.666666666666667,4.833333333333333,4.833333333333333,5.0,5.0,4.4,5.0,5.0,5.166666666666667,5.2,5.166666666666667,5.166666666666667,5.166666666666667,5.166666666666667,0,5.5,5.5,5.5,5.5,5.5,5.5,5.5,5.5,5.5,4.8,5.5,5.5,5.5,5.5,5.833333333333333,5.833333333333333,5.833333333333333,5.666666666666667,5.666666666666667,0,5.666666666666667,5.666666666666667,5.833333333333333,5.833333333333333,5.833333333333333,5.833333333333333,5.833333333333333,6.0,6.0,0,6.166666666666667,6.166666666666667,6.166666666666667,6.166666666666667,6.166666666666667,6.166666666666667,6.166666666666667,6.166666666666667,6.166666666666667,6.5,6.333333333333333,7.2,6.333333333333333,6.333333333333333,6.333333333333333,6.333333333333333,6.333333333333333,6.333333333333333,6.333333333333333,6.5,6.5,6.5,6.5,6.5,6.5,6.5,6.0,6.5,6.5,0,6.5,6.5,6.333333333333333,6.333333333333333,6.5,6.5,6.6,6.5,6.5,6.75,6.5,6.5,6.5,6.5,6.5,7.0,6.666666666666667,6.833333333333333,6.833333333333333,0,7.0,7.0,7.0,7.0,7.0,7.0,7.0,7.0,7.166666666666667,0,7.166666666666667,7.166666666666667,7.166666666666667,7.166666666666667,7.166666666666667,7.166666666666667,7.166666666666667,7.166666666666667,7.333333333333333,8.666666666666666,7.5,7.5,7.5,7.5,7.666666666666667,7.666666666666667,7.666666666666667,7.833333333333333,7.833333333333333,9.5,7.833333333333333,7.833333333333333,7.833333333333333,7.833333333333333,7.833333333333333,7.833333333333333,7.833333333333333,7.833333333333333,7.833333333333333,0,7.833333333333333,7.833333333333333,7.833333333333333,7.833333333333333,7.833333333333333,7.833333333333333,7.833333333333333,8.8,7.833333333333333,9.5,7.833333333333333,7.833333333333333,7.833333333333333,7.833333333333333,8.333333333333334,8.333333333333334,8.333333333333334,8.333333333333334,8.333333333333334,0,8.333333333333334,8.333333333333334,7.6,8.0,8.0,7.833333333333333,7.833333333333333,7.5,7.666666666666667,6.0,7.333333333333333,7.0,7.0,7.0,7.0,7.0,7.0,7.0,7.0,7.0,7.0,7.0,7.0,7.0,7.0,7.0,7.166666666666667,7.166666666666667,7.166666666666667,7.166666666666667,7.166666666666667,7.166666666666667,7.166666666666667,7.166666666666667,7.166666666666667,7.166666666666667,7.333333333333333,7.333333333333333,7.333333333333333,0,7.333333333333333,7.333333333333333,7.333333333333333,7.333333333333333,7.333333333333333,7.333333333333333,7.333333333333333,7.333333333333333,7.333333333333333,7.333333333333333,7.333333333333333,7.333333333333333,7.333333333333333,7.333333333333333,7.333333333333333,7.333333333333333,7.333333333333333,7.333333333333333,7.333333333333333,0,7.333333333333333,7.333333333333333,7.333333333333333,7.333333333333333,7.166666666666667,7.166666666666667,7.0,7.0,7.0,6.0,7.0,7.0,7.0,7.0,7.0,7.166666666666667,7.333333333333333,7.333333333333333,7.333333333333333,7.333333333333333,7.5,7.5,7.5,7.666666666666667,7.666666666666667,7.666666666666667,7.666666666666667,7.666666666666667,7.666666666666667,7.666666666666667,7.666666666666667,7.833333333333333,7.833333333333333,7.833333333333333,7.833333333333333,7.833333333333333,7.833333333333333,7.833333333333333,7.833333333333333,0,8.0,8.0,8.166666666666666,8.166666666666666,8.166666666666666,8.166666666666666,8.166666666666666,8.166666666666666,8.166666666666666,8.166666666666666,8.166666666666666,8.166666666666666,8.166666666666666,8.166666666666666,8.166666666666666,8.166666666666666,8.166666666666666,8.166666666666666,8.166666666666666,0,8.166666666666666,7.6,8.166666666666666,8.166666666666666,8.333333333333334,8.333333333333334,8.333333333333334,8.333333333333334,8.333333333333334,7.75,8.333333333333334,8.333333333333334,8.333333333333334,8.333333333333334,8.333333333333334,8.333333333333334,8.333333333333334,8.5,8.5,8.0,8.5,8.5,8.5,8.5,8.5,8.6,8.666666666666666,8.666666666666666,8.666666666666666,8.25,8.666666666666666,8.666666666666666,8.666666666666666,8.666666666666666,8.666666666666666,8.666666666666666,8.666666666666666,8.666666666666666,8.666666666666666,0,8.666666666666666,8.666666666666666,8.666666666666666,8.666666666666666,9.2,8.666666666666666,8.666666666666666,8.666666666666666,8.666666666666666,9.0,8.666666666666666,8.666666666666666,8.5,8.5,8.5,9.0,8.5,8.5,8.5,0,8.5,8.5,8.5,8.5,8.5,8.5,8.5,8.5,8.666666666666666,9.0,8.666666666666666,8.666666666666666,8.666666666666666,8.666666666666666,8.666666666666666,8.666666666666666,8.666666666666666,8.666666666666666,8.666666666666666,9.0,8.666666666666666,8.666666666666666,8.666666666666666,8.666666666666666,8.666666666666666,8.833333333333334,8.833333333333334,8.833333333333334,8.833333333333334,9.0,8.833333333333334,8.833333333333334,8.833333333333334,8.833333333333334,8.833333333333334,8.833333333333334,8.833333333333334,8.833333333333334,8.833333333333334
0,8.833333333333334,8.833333333333334,8.833333333333334,8.833333333333334,8.833333333333334,8.833333333333334,8.833333333333334,8.833333333333334,8.833333333333334,9.4,8.833333333333334,8.833333333333334,8.166666666666666,7.833333333333333,7.5,7.5,7.5,7.5,7.5,0,7.5,7.5,7.5,7.5,7.5,7.5,7.5,7.5,7.5,7.8,7.5,7.5,7.5,7.5,7.5,7.5,7.5,7.5,7.5,7.8,7.5,7.5,7.5,7.5,7.5,7.5,7.5,7.5,7.5,7.5,7.5,7.5,7.5,7.5,7.5,7.5,7.5,7.5,7.5,7.6,7.5,7.5,7.5,7.5,7.5,7.5,7.5,7.5,7.5,7.5,7.5,7.5,7.5,7.5,7.5,7.5,7.5,7.5,7.5,0,7.5,7.5,7.5,7.5,7.5,7.5,7.5,7.5,7.5,7.5,7.5,7.5,7.5,7.5,7.5,7.5,7.5,7.6,7.5,7.4,7.5,7.5,7.5,7.5,7.5,7.5,7.5,7.5,7.5,7.4,7.5,7.5,7.5,7.5,7.5,7.5,7.5,7.5,7.5,0,7.5,7.5,7.5,7.5,7.5,7.5,7.5,7.5,7.5,6.5,7.5,7.5,7.5,7.5,7.5,7.5,7.5,7.5,7.5,0,7.5,7.5,7.5,7.5,7.5,7.5,7.5,7.5,7.5,6.8,7.666666666666667,7.666666666666667,7.666666666666667,7.666666666666667,7.666666666666667,7.666666666666667,7.666666666666667,7.666666666666667,7.666666666666667,7.0,7.666666666666667,7.666666666666667,7.666666666666667,7.666666666666667,7.666666666666667,7.666666666666667,7.666666666666667,7.666666666666667,7.666666666666667,7.0,7.666666666666667,7.666666666666667,7.666666666666667,7.666666666666667,7.666666666666667,7.666666666666667,7.666666666666667,7.666666666666667,7.666666666666667,7.0,7.8,7.666666666666667,7.666666666666667,7.666666666666667,7.666666666666667,7.666666666666667,7.666666666666667,7.666666666666667,7.666666666666667,7.25,7.666666666666667,7.666666666666667,7.666666666666667,7.666666666666667,7.666666666666667,7.666666666666667,7.666666666666667,7.666666666666667,7.666666666666667,0,7.666666666666667,7.666666666666667,7.666666666666667,7.666666666666667,7.666666666666667,7.666666666666667,7.666666666666667,7.666666666666667,7.666666666666667,7.333333333333333,7.666666666666667,7.666666666666667,7.666666666666667,7.666666666666667,7.666666666666667,7.666666666666667,7.666666666666667,7.666666666666667,7.666666666666667,7.25,7.666666666666667,7.666666666666667,7.666666666666667,7.666666666666667,7.666666666666667,7.666666666666667,7.666666666666667,7.666666666666667,7.666666666666667,7.25,7.4,7.666666666666667,7.666666666666667,7.666666666666667,7.666666666666667,7.666666666666667,7.666666666666667,7.666666666666667,7.666666666666667,8.5,7.4,7.666666666666667,7.666666666666667,8.0,7.666666666666667,7.666666666666667,7.666666666666667,7.666666666666667,7.666666666666667,7.75,7.666666666666667,7.666666666666667,7.666666666666667,7.666666666666667,7.666666666666667,7.666666666666667,7.666666666666667,7.666666666666667,7.666666666666667,0,7.666666666666667,7.666666666666667,7.666666666666667,7.666666666666667,7.666666666666667,7.666666666666667,7.666666666666667,7.5,7.5,7.75,7.5,7.5,7.5,7.5,7.5,7.5,7.5,7.5,7.5,7.75,7.5,7.5,7.5,7.5,7.5,7.6,7.5,7.5,7.5,7.4,7.333333333333333,7.333333333333333,7.333333333333333,7.333333333333333,7.333333333333333,7.333333333333333,7.333333333333333,7.333333333333333,7.333333333333333,7.2,7.333333333333333,7.333333333333333,7.333333333333333,7.333333333333333,7.333333333333333,7.333333333333333,7.333333333333333,7.333333333333333,7.333333333333333,7.333333333333333,7.333333333333333,7.333333333333333,7.333333333333333,7.333333333333333,7.5,7.5,7.5,7.5,7.5,0,7.5,7.5,7.5,7.5,7.5,7.5,7.5,7.5,7.5,7.5,7.5,7.5,7.6,7.5,7.5,7.5,7.5,7.5,7.5,7.5,7.5,7.5,7.5,7.5,7.5,7.5,7.5,7.5,7.5,7.5,7.5,7.5,7.5,7.5,7.5,7.5,7.5,7.5,7.5,7.5,7.5,7.5,7.5,7.5,7.5,7.5,7.5,7.5,7.5,7.5,7.5,7.5,7.5,7.5,7.5,7.5,7.5,7.5,7.5,0,7.5,7.5,7.5,7.5,7.5,7.5,7.5,6.8,7.5,6.8,7.5,7.5,7.5,7.5,7.5,7.5,7.5,7.5,7.5,6.8,7.5,7.4,7.333333333333333,7.333333333333333,7.333333333333333,7.333333333333333,7.333333333333333,7.333333333333333,7.166666666666667,6.0,6.5,6.333333333333333,6.166666666666667,6.166666666666667,6.166666666666667,6.0,6.0,5.833333333333333,5.5,7.0,5.5,5.5,5.5,5.5,5.5,5.333333333333333,5.166666666666667,5.166666666666667,5.166666666666667,4.25,5.0,5.0,5.0,5.0,5.0,5.0,5.0,4.833333333333333,4.666666666666667,0,4.666666666666667,4.833333333333333,5.0,5.0,5.0,5.0,5.0,4.833333333333333,4.833333333333333,7.0,4.833333333333333,4.833333333333333,4.833333333333333,4.833333333333333,4.833333333333333,5.0,5.0,4.833333333333333,4.833333333333333,4.333333333333333,4.333333333333333,4.333333333333333,4.333333333333333,4.333333333333333,4.0,4.0,3.8333333333333335,3.6666666666666665,3.3333333333333335,4.333333333333333,3.0,2.6666666666666665,2.6666666666666665,2.5,2.5,2.5,2.5,2.3333333333333335,2.3333333333333335,0,2.1666666666666665,2.1666666666666665,2.1666666666666665,2.1666666666666665,2.1666666666666665,2.1666666666666665,2.1666666666666665,2.1666666666666665,2.0,2.5,2.0,2.0,2.0,2.0,2.0,2.0,2.0,2.0,2.0,0,2.1666666666666665,2.3333333333333335,1.0,1.0,2.0,2.0,2.0,0.25,1.8333333333333333,6.0,2.0,2.1666666666666665,2.3333333333333335,2.3333333333333335,2.3333333333333335,2.3333333333333335,2.1666666666666665,2.1666666666666665,1.8,2.5,2.0,2.0,2.0,2.0,2.0,2.0,2.0,2.0,2.0,2.5,2.0,2.0,2.0,2.0,2.0,2.1666666666666665,1.8333333333333333,1.8333333333333333,1.8333333333333333,0,1.8333333333333333,2.0,2.0,2.0,2.0,2.0,2.0,2.0,2.0,2.2,2.0,2.0,2.0,2.0,2.0,2.0,2.0,1.8333333333333333,1.8333333333333333,0,1.8333333333333333,1.8333333333333333,1.8333333333333333,1.6666666666666667,1.5,1.5,1.5,1.5,1.5,5.0,1.5,1.5,1.5,1.5,0.8,1.5,1.5,1.8,1.5,2.0,1.5,1.5,1.5,1.5,1.6666666666666667,1.8,1.6666666666666667,1.6666666666666667,1.8333333333333333,2.25,1.8333333333333333,2.0,1.8333333333333333,2.0,2.0,1.8,1.8333333333333333,1.8333333333333333,1.8333333333333333,0,1.2,1.2,1.8333333333333333,1.8333333333333333,1.8333333333333333,1.8333333333333333,1.8333333333333333,1.6666666666666667,1.6666666666666667,1.8,1.6666666666666667,1.6666666666666667,1.6666666666666667,1.6666666666666667,2.0,1.6666666666666667,1.6666666666666667,1.6666666666666667,1.6666666666666667,0,2.0,1.6666666666666667,1.6666666666666667,1.6666666666666667,1.6666666666666667,1.6666666666666667,1.6666666666666667,1.6666666666666667,1.6666666666666667,2.0,1.6666666666666667,1.6666666666666667,1.8333333333333333,1.8333333333333333,1.8333333333333333,1.8333333333333333,1.8333333333333333,1.8333333333333333,1.8333333333333333,1.8,1.8333333333333333,1.8333333333333333,1.8333333333333333,1.8333333333333333,1.8333333333333333,1.8333333333333333,1.6666666666666667,1.6666666666666667,1.6666666666666667,1.6666666666666667,1.6666666666666667,1.6666666666666667,2.0,1.6666666666666667,1.6666666666666667,1.6666666666666667,1.6666666666666667,1.6666666666666667,1.6666666666666667,0,1.6666666666666667,1.6666666666666667,1.8,1.6666666666666667,1.6666666666666667,1.8333333333333333,1.8333333333333333,2.0,2.0,2.2,2.0,2.0,2.0,2.0,2.0,2.0,1.8333333333333333,2.2,1.8333333333333333,0,1.8333333333333333,1.8333333333333333,1.8333333333333333,1.8333333333333333,1.8333333333333333,1.8333333333333333,2.2,1.8333333333333333,1.6666666666666667,2.6666666666666665,1.6666666666666667,1.6666666666666667,1.6666666666666667,1.6666666666666667,1.6666666666666667,1.6666666666666667,1.6666666666666667,1.6666666666666667,1.6666666666666667,2.25,1.6666666666666667,1.6666666666666667,1.6666666666666667,1.8333333333333333,1.8333333333333333,1.8333333333333333,1.8333333333333333,1.8333333333333333,1.8333333333333333,2.25,1.8333333333333333,1.8333333333333333,1.8333333333333333,1.8333333333333333,1.8333333333333333,1.8333333333333333,1.8333333333333333,1.8333333333333333,2.0,0,2.0,2.0,2.0,2.0,2.0,2.0,2.0,2.0,1.8333333333333333,2.0,1.8333333333333333,1.8333333333333333,1.8333333333333333,1.8333333333333333,1.8333333333333333,1.8333333333333333,1.8333333333333333,1.8333333333333333,1.8333333333333333,0,1.8333333333333333,1.8333333333333333,1.8333333333333333,1.8333333333333333,1.8333333333333333,1.6666666666666667,1.6666666666666667,1.6666666666666667,1.6666666666666667,3.0,1.6666666666666667,1.6666666666666667,1.6666666666666667,1.6666666666666667,1.6666666666666667,1.6666666666666667,1.6666666666666667,1.6666666666666667,1.6666666666666667,2.3333333333333335,1.6666666666666667,1.6666666666666667,1.6666666666666667,1.6666666666666667,1.6666666666666667,1.6666666666666667,1.6666666666666667,1.6666666666666667,1.6666666666666667,1.75,2.0,1.6666666666666667,1.6666666666666667,1.6666666666666667,1.6666666666666667,1.6666666666666667,1.6666666666666667,1.4,1.6666666666666667,0,1.6666666666666667,1.4,1.6666666666666667,1.6666666666666667,1.6666666666666667,1.6666666666666667,1.6666666666666667,1.6666666666666667,1.6666666666666667,2.0,1.6666666666666667,1.6666666666666667,1.6666666666666667,1.6666666666666667,1.6666666666666667,1.6666666666666667,1.2,1.6666666666666667,1.6666666666666667,0,1.6666666666666667,1.6666666666666667,1.6666666666666667,1.6666666666666667,1.6666666666666667,1.6666666666666667,1.6666666666666667,1.6666666666666667,1.6666666666666667,0.0,1.6666666666666667,1.6666666666666667,1.6666666666666667,1.6666666666666667,1.6666666666666667,1.6666666666666667,1.6666666666666667,1.6666666666666667,1.6666666666666667,1.6666666666666667,1.6666666666666667,1.6666666666666667,1.6666666666666667,1.6666666666666667,1.6666666666666667,1.6666666666666667,1.6666666666666667,1.6666666666666667,1.6666666666666667,1.6666666666666667,1.6666666666666667,1.6666666666666667,1.6666666666666667,1.6666666666666667,1.6666666666666667,1.6666666666666667,1.6666666666666667,1.6666666666666667,1.6666666666666667,0,1.6666666666666667,1.6666666666666667,1.8333333333333333,1.8333333333333333,1.8333333333333333,1.8333333333333333,1.8333333333333333,1.8333333333333333,1.8333333333333333,2.0,2.0,2.0,2.0,1.8333333333333333,2.0,2.0,2.0,2.0,2.0,0,2.0,2.0,2.0,2.0,2.0,2.0,2.0,2.0,2.0,1.3333333333333333,2.0,2.0,2.0,2.0,2.0,2.0,2.0,2.0,2.0,2.0,2.0,2.0,2.0,2.0,2.0,2.0,2.0,2.0,2.0,2.0,2.0,2.0,2.0,2.0,2.0,2.0,2.0,2.0,2.0,0,2.0,2.0,2.4,2.0,2.0,2.0,2.0,2.0,2.0,2.1666666666666665,2.1666666666666665,2.1666666666666665,2.1666666666666665,2.1666666666666665,2.1666666666666665,2.1666666666666665,1.8,2.1666666666666665,2.1666666666666665,0,2.1666666666666665,2.1666666666666665,2.1666666666666665,2.1666666666666665,2.1666666666666665,2.1666666666666665,2.1666666666666665,2.1666666666666665,2.1666666666666665,2.25,2.1666666666666665,2.1666666666666665,2.1666666666666665,2.1666666666666665,1.8,2.1666666666666665,2.1666666666666665,2.1666666666666665,2.1666666666666665,2.25,2.1666666666666665,2.1666666666666665,2.1666666666666665,2.1666666666666665,2.1666666666666665,2.6,2.1666666666666665,2.1666666666666665,2.1666666666666665,2.25,2.1666666666666665,2.1666666666666665,2.1666666666666665,2.1666666666666665,2.1666666666666665,2.1666666666666665,2.1666666666666665,2.1666666666666665,2.3333333333333335,0,2.3333333333333335,2.1666666666666665,2.1666666666666665,2.1666666666666665,2.3333333333333335,2.1666666666666665,2.1666666666666665,2.1666666666666665,2.1666666666666665,3.0,2.1666666666666665,2.1666666666666665,2.1666666666666665,2.1666666666666665,2.1666666666666665,2.75,2.1666666666666665,2.1666666666666665,2.1666666666666665,0,2.3333333333333335,2.3333333333333335,2.3333333333333335,2.1666666666666665,2.3333333333333335,2.3333333333333335,2.3333333333333335,2.3333333333333335,2.5,0,2.3333333333333335,2.3333333333333335,2.3333333333333335,2.3333333333333335,2.3333333333333335,2.3333333333333335,2.3333333333333335,2.3333333333333335,2.3333333333333335,3.0,2.1666666666666665,2.1666666666666665,2.3333333333333335,2.3333333333333335,2.3333333333333335,2.3333333333333335,2.3333333333333335,2.3333333333333335,2.3333333333333335,3.0,2.3333333333333335,2.5,2.5,2.8,2.6666666666666665,2.6666666666666665,2.6666666666666665,2.6666666666666665,2.6666666666666665,0,2.6666666666666665,2.6666666666666665,2.6666666666666665,2.8,2.6666666666666665,2.6666666666666665,2.6666666666666665,2.6666666666666665,2.6666666666666665,3.25,2.8,2.6666666666666665,3.2,2.8333333333333335,3.0,3.0,3.0,2.8333333333333335,2.8333333333333335,0,3.0,3.0,3.2,3.0,3.2,3.0,3.0,3.0,3.0,0,3.0,2.8333333333333335,2.8333333333333335,2.8333333333333335,2.8333333333333335,3.0,2.8333333333333335,3.0,2.6,3.0,3.0,2.6,3.0,3.0,3.0,3.0,3.0,3.0,3.3333333333333335,3.2,3.3333333333333335,3.3333333333333335,3.3333333333333335,3.3333333333333335,3.3333333333333335,3.5,3.5,3.5,3.5,0,3.5,3.5,3.6666666666666665,3.6666666666666665,3.6666666666666665,3.6666666666666665,3.6666666666666665,3.6666666666666665,3.6666666666666665,3.4,3.6666666666666665,3.6666666666666665,3.6666666666666665,3.6666666666666665,3.6666666666666665,3.6666666666666665,3.6666666666666665,3.6666666666666665,3.8333333333333335,0,3.8333333333333335,3.8333333333333335,3.8333333333333335,3.8333333333333335,3.8333333333333335,3.8333333333333335,3.8333333333333335,3.8333333333333335,4.0,0,4.0,4.0,4.0,4.0,4.0,4.0,4.0,4.0,4.0,4.166666666666667,4.166666666666667,4.166666666666667,4.166666666666667,4.333333333333333,4.333333333333333,4.333333333333333,4.333333333333333,4.333333333333333,4.333333333333333,4.333333333333333,4.333333333333333,4.333333333333333,4.333333333333333,4.333333333333333,4.333333333333333,4.333333333333333,4.333333333333333,4.333333333333333,4.5,0,4.666666666666667,4.666666666666667,4.666666666666667,4.666666666666667,4.666666666666667,4.666666666666667,4.666666666666667,4.666666666666667,4.666666666666667,4.666666666666667,4.5,4.666666666666667,4.666666666666667,4.666666666666667,4.666666666666667,4.833333333333333,4.833333333333333,5.0,5.0,0,5.0,5.0,5.0,5.166666666666667,5.166666666666667,5.166666666666667,5.166666666666667,5.166666666666667,5.166666666666667,6.0,5.166666666666667,5.166666666666667,5.166666666666667,5.166666666666667,5.333333333333333,5.333333333333333,5.333333333333333,5.166666666666667,5.0,4.833333333333333,4.5,4.5,4.333333333333333,4.333333333333333,4.333333333333333,4.333333333333333,4.5,4.5,4.2,4.5,4.5,4.5,4.5,4.5,4.5,4.5,4.5,4.666666666666667,4.666666666666667,0,4.833333333333333,5.0,4.833333333333333,4.833333333333333,4.833333333333333,4.833333333333333,4.833333333333333,4.833333333333333,4.833333333333333,5.0,4.833333333333333,4.833333333333333,4.833333333333333,5.0,5.0,5.0,5.0,5.4,5.0,0,5.0,5.0,5.0,5.0,5.0,5.0,5.0,5.0,5.0,4.5,5.0,5.0,5.0,5.0,5.0,5.0,5.0,5.0,5.0,5.75,5.0,5.0,5.0,5.0,5.0,5.0,5.0,5.0,5.0,5.75,5.0,4.833333333333333,4.833333333333333,4.833333333333333,4.833333333333333,4.833333333333333,4.833333333333333,5.0,5.0,0,5.0,5.0,5.0,5.0,5.0,5.0,5.0,5.0,5.0,5.5,5.0,5.0,5.333333333333333,5.333333333333333,5.333333333333333,5.333333333333333,5.333333333333333,5.333333333333333,5.333333333333333,0,5.5,5.5,5.5,5.5,5.333333333333333,5.333333333333333,5.333333333333333,5.333333333333333,5.333333333333333,2.0,5.333333333333333,5.333333333333333,5.333333333333333,5.333333333333333,5.5,5.5,5.5,5.5,5.333333333333333,5.6,5.333333333333333,5.333333333333333,5.333333333333333,5.5,5.666666666666667,5.666666666666667,5.666666666666667,5.666666666666667,5.833333333333333,6.0,5.833333333333333,5.833333333333333,5.833333333333333,5.833333333333333,5.833333333333333,5.833333333333333,6.0,6.166666666666667,6.166666666666667,0,6.333333333333333,6.333333333333333,6.333333333333333,6.5,6.5,6.5,6.5,6.5,6.5,6.6,6.5,6.5,6.666666666666667,6.666666666666667,6.833333333333333,6.833333333333333,6.833333333333333,6.833333333333333,6.833333333333333,0,6.833333333333333,6.833333333333333,6.833333333333333,6.833333333333333,6.8,6.833333333333333,6.833333333333333,6.833333333333333,6.833333333333333,6.833333333333333,7.8,6.833333333333333,6.833333333333333,6.833333333333333,6.833333333333333,6.833333333333333,6.833333333333333,6.833333333333333,6.833333333333333,6.833333333333333,6.833333333333333,6.833333333333333,6.833333333333333,6.833333333333333,6.833333333333333,6.833333333333333,6.833333333333333,6.833333333333333,6.833333333333333,6.833333333333333,6.833333333333333,6.833333333333333,6.833333333333333,6.833333333333333,6.833333333333333,6.833333333333333,6.833333333333333,6.833333333333333,6.833333333333333,0,6.833333333333333,6.833333333333333,6.833333333333333,6.833333333333333,6.833333333333333,6.833333333333333,6.833333333333333,6.833333333333333,6.833333333333333,6.833333333333333,6.833333333333333,6.833333333333333,6.833333333333333,6.833333333333333,6.833333333333333,6.833333333333333,6.833333333333333,6.833333333333333,6.833333333333333,0,6.833333333333333,6.833333333333333,6.833333333333333,6.833333333333333,6.833333333333333,6.833333333333333,6.833333333333333,6.833333333333333,6.833333333333333,6.666666666666667,6.666666666666667,6.666666666666667,6.833333333333333,6.833333333333333,6.833333333333333,7.0,7.0,7.0,7.0,7.0,7.0,7.0,7.166666666666667,7.166666666666667,7.166666666666667,7.166666666666667,7.166666666666667,7.166666666666667,7.166666666666667,7.166666666666667,7.166666666666667,7.166666666666667,7.166666666666667,7.166666666666667,7.166666666666667,7.166666666666667,7.166666666666667,7.166666666666667,7.166666666666667
7.0,7.142857142857143,7.142857142857143,7.166666666666667,7.142857142857143,7.142857142857143,7.142857142857143,7.142857142857143,7.142857142857143,7.166666666666667,7.142857142857143,7.142857142857143,7.142857142857143,7.142857142857143,7.142857142857143,7.142857142857143,7.142857142857143,7.142857142857143,7.142857142857143,7.142857142857143,0,7.142857142857143,7.142857142857143,7.142857142857143,7.142857142857143,7.142857142857143,7.142857142857143,7.333333333333333,7.142857142857143,7.142857142857143,7.142857142857143,7.142857142857143,7.142857142857143,7.142857142857143,7.142857142857143,7.142857142857143,7.142857142857143,7.142857142857143,7.142857142857143,7.142857142857143,7.166666666666667,7.142857142857143,7.142857142857143,7.142857142857143,7.142857142857143,7.142857142857143,7.142857142857143,7.333333333333333,7.142857142857143,7.142857142857143,7.333333333333333,7.142857142857143,7.333333333333333,7.142857142857143,7.142857142857143,7.142857142857143,7.142857142857143,7.333333333333333,7.142857142857143,7.142857142857143,5.5,7.333333333333333,7.142857142857143,7.166666666666667,7.142857142857143,7.142857142857143,7.142857142857143,7.142857142857143,7.333333333333333,7.142857142857143,7.4,7.142857142857143,7.142857142857143,7.142857142857143,6.166666666666667,7.142857142857143,7.142857142857143,7.142857142857143,7.142857142857143,7.142857142857143,0,7.142857142857143,7.4,7.142857142857143,7.142857142857143,7.142857142857143,7.142857142857143,7.142857142857143,7.142857142857143,7.142857142857143,7.4,7.142857142857143,7.142857142857143,7.142857142857143,7.142857142857143,7.142857142857143,7.142857142857143,7.142857142857143,7.142857142857143,7.166666666666667,7.4,7.142857142857143,7.142857142857143,7.142857142857143,7.142857142857143,7.142857142857143,7.142857142857143,7.142857142857143,7.142857142857143,7.142857142857143,7.166666666666667,7.142857142857143,7.142857142857143,7.142857142857143,7.142857142857143,7.142857142857143,7.142857142857143,7.142857142857143,7.142857142857143,7.142857142857143,0,7.142857142857143,7.142857142857143,7.142857142857143,7.142857142857143,7.142857142857143,7.142857142857143,7.142857142857143,7.142857142857143,7.142857142857143,7.4,7.142857142857143,7.142857142857143,7.142857142857143,7.142857142857143,7.142857142857143,7.142857142857143,7.142857142857143,7.166666666666667,7.142857142857143,0,7.142857142857143,7.142857142857143,7.142857142857143,7.0,7.142857142857143,7.142857142857143,7.142857142857143,7.142857142857143,7.142857142857143,7.142857142857143,7.166666666666667,7.142857142857143,7.142857142857143,7.166666666666667,7.142857142857143,7.142857142857143,7.142857142857143,7.142857142857143,7.142857142857143,7.166666666666667,7.142857142857143,7.142857142857143,7.142857142857143,7.142857142857143,7.142857142857143,7.142857142857143,7.142857142857143,7.142857142857143,7.142857142857143,7.166666666666667,7.142857142857143,7.142857142857143,7.142857142857143,7.142857142857143,7.142857142857143,7.142857142857143,7.142857142857143,7.142857142857143,7.142857142857143,6.0,7.285714285714286,7.285714285714286,7.285714285714286,7.285714285714286,7.285714285714286,7.285714285714286,7.285714285714286,7.285714285714286,7.285714285714286,7.166666666666667,7.285714285714286,7.285714285714286,7.285714285714286,7.285714285714286,7.285714285714286,7.285714285714286,7.285714285714286,7.285714285714286,7.285714285714286,0,7.285714285714286,7.285714285714286,7.285714285714286,7.285714285714286,7.285714285714286,7.285714285714286,7.285714285714286,7.285714285714286,7.285714285714286,7.166666666666667,7.285714285714286,7.285714285714286,7.285714285714286,7.285714285714286,8.166666666666666,7.285714285714286,7.285714285714286,7.285714285714286,7.285714285714286,7.285714285714286,7.285714285714286,7.285714285714286,7.285714285714286,7.285714285714286,7.285714285714286,7.285714285714286,7.285714285714286,7.285714285714286,7.285714285714286,7.285714285714286,7.285714285714286,7.285714285714286,7.285714285714286,7.285714285714286,7.285714285714286,7.285714285714286,7.285714285714286,7.285714285714286,7.285714285714286,7.0,7.285714285714286,7.285714285714286,7.285714285714286,7.285714285714286,7.285714285714286,7.285714285714286,7.285714285714286,7.285714285714286,7.285714285714286,7.285714285714286,7.285714285714286,7.285714285714286,7.285714285714286,7.285714285714286,7.285714285714286,7.285714285714286,7.285714285714286,7.285714285714286,7.285714285714286,0,7.285714285714286,7.285714285714286,7.285714285714286,7.285714285714286,7.285714285714286,7.285714285714286,7.285714285714286,7.333333333333333,7.285714285714286,7.285714285714286,7.285714285714286,7.285714285714286,7.285714285714286,7.285714285714286,7.285714285714286,7.285714285714286,7.285714285714286,7.285714285714286,7.285714285714286,7.285714285714286,7.285714285714286,7.285714285714286,7.285714285714286,7.285714285714286,7.285714285714286,7.285714285714286,7.142857142857143,7.142857142857143,7.142857142857143,7.166666666666667,7.142857142857143,7.142857142857143,7.142857142857143,7.142857142857143,7.142857142857143,7.142857142857143,7.142857142857143,7.142857142857143,7.142857142857143,7.166666666666667,7.142857142857143,7.142857142857143,7.142857142857143,7.333333333333333,7.142857142857143,7.142857142857143,7.142857142857143,7.142857142857143,7.142857142857143,7.333333333333333,7.142857142857143,7.142857142857143,7.142857142857143,7.142857142857143,7.0,7.0,7.0,7.0,7.0,0,7.0,7.0,7.0,7.0,7.0,7.0,7.0,7.0,7.0,7.166666666666667,7.0,7.0,7.0,6.857142857142857,6.857142857142857,6.857142857142857,6.857142857142857,6.857142857142857,6.857142857142857,7.166666666666667,7.0,7.0,7.0,7.0,7.0,7.0,6.857142857142857,6.857142857142857,6.857142857142857,7.166666666666667,6.857142857142857,5.833333333333333,6.857142857142857,6.857142857142857,6.857142857142857,6.857142857142857,6.857142857142857,6.857142857142857,7.0,7.333333333333333,7.0,7.0,7.0,7.0,7.0,7.0,7.0,7.0,7.142857142857143,7.142857142857143,7.142857142857143,7.142857142857143,7.142857142857143,7.142857142857143,7.142857142857143,7.142857142857143,7.166666666666667,7.142857142857143,7.142857142857143,0,7.142857142857143,7.142857142857143,7.142857142857143,7.142857142857143,7.142857142857143,7.142857142857143,7.142857142857143,7.142857142857143,7.142857142857143,7.142857142857143,7.142857142857143,7.142857142857143,7.142857142857143,7.142857142857143,7.142857142857143,7.142857142857143,7.0,7.0,6.857142857142857,6.857142857142857,6.857142857142857,6.857142857142857,6.857142857142857,6.571428571428571,6.571428571428571,6.571428571428571,6.571428571428571,6.285714285714286,6.142857142857143,5.428571428571429,5.142857142857143,5.142857142857143,5.0,4.571428571428571,4.571428571428571,4.428571428571429,4.428571428571429,4.666666666666667,4.428571428571429,0,4.285714285714286,4.285714285714286,4.142857142857143,4.166666666666667,4.142857142857143,4.142857142857143,4.142857142857143,4.142857142857143,4.142857142857143,4.142857142857143,4.142857142857143,4.142857142857143,4.0,3.857142857142857,3.857142857142857,3.857142857142857,3.7142857142857144,3.7142857142857144,3.7142857142857144,0,3.5714285714285716,3.5714285714285716,3.5714285714285716,3.5714285714285716,3.4285714285714284,3.4285714285714284,3.4285714285714284,3.2857142857142856,3.4285714285714284,0,3.4285714285714284,3.4285714285714284,3.4285714285714284,3.4285714285714284,3.4285714285714284,3.2857142857142856,3.1666666666666665,3.2857142857142856,3.142857142857143,3.0,3.142857142857143,2.7142857142857144,2.7142857142857144,2.7142857142857144,2.4285714285714284,2.4285714285714284,2.142857142857143,1.8571428571428572,1.8571428571428572,1.5714285714285714,1.2857142857142858,1.0,0.8571428571428571,0.8333333333333334,0.8571428571428571,0.7142857142857143,0.5714285714285714,0.5714285714285714,0.5714285714285714,0,0.5714285714285714,0.5714285714285714,0.5714285714285714,0.5714285714285714,0.16666666666666666,0.5714285714285714,0.5714285714285714,0.5714285714285714,0.42857142857142855,0.42857142857142855,0.42857142857142855,0.42857142857142855,0.42857142857142855,0.42857142857142855,0.42857142857142855,0.42857142857142855,0.42857142857142855,0.5,0.42857142857142855,0,0.42857142857142855,0.3333333333333333,0.42857142857142855,0.42857142857142855,0.5714285714285714,0.5714285714285714,0.5714285714285714,0.42857142857142855,0.42857142857142855,0,0.42857142857142855,0.8333333333333334,0.7142857142857143,0.8571428571428571,0.8571428571428571,0.8571428571428571,1.0,0.8571428571428571,0.8571428571428571,1.0,0.8571428571428571,0.7142857142857143,0.7142857142857143,0.7142857142857143,0.8571428571428571,0.8571428571428571,0.8571428571428571,0.8571428571428571,0.8571428571428571,0.8571428571428571,0.8571428571428571,0.8571428571428571,1.0,1.0,1.0,1.0,1.0,1.0,1.0,0,1.0,1.0,1.0,1.0,1.0,1.0,1.0,1.1428571428571428,1.1428571428571428,1.1428571428571428,1.1428571428571428,1.1428571428571428,1.1428571428571428,1.0,1.0,1.0,1.0,0.8571428571428571,0.8571428571428571,0,0.7142857142857143,0.7142857142857143,0.7142857142857143,0.7142857142857143,0.5714285714285714,0.5714285714285714,0.42857142857142855,0.42857142857142855,0.42857142857142855,0.0,0.42857142857142855,0.42857142857142855,0.42857142857142855,0.42857142857142855,0.42857142857142855,0.42857142857142855,0.42857142857142855,0.42857142857142855,0.42857142857142855,0.3333333333333333,0.42857142857142855,0.42857142857142855,0.5714285714285714,0.5714285714285714,0.5714285714285714,0.5714285714285714,0.5714285714285714,0.5714285714285714,0.5714285714285714,0.5714285714285714,0.5714285714285714,0.5714285714285714,0.5714285714285714,0.5714285714285714,0.5714285714285714,0.5714285714285714,0.5714285714285714,0.5714285714285714,0.5714285714285714,0,0.5714285714285714,0.5714285714285714,0.5714285714285714,0.42857142857142855,0.42857142857142855,0.42857142857142855,0.42857142857142855,0.42857142857142855,0.42857142857142855,0.42857142857142855,0.42857142857142855,0.42857142857142855,0.42857142857142855,0.42857142857142855,0.42857142857142855,0.42857142857142855,0.42857142857142855,0.42857142857142855,0.42857142857142855,0,0.42857142857142855,0.42857142857142855,0.42857142857142855,0.42857142857142855,0.42857142857142855,0.42857142857142855,0.42857142857142855,0.42857142857142855,0.42857142857142855,0.0,0.42857142857142855,0.42857142857142855,0.42857142857142855,0.42857142857142855,0.42857142857142855,0.42857142857142855,0.42857142857142855,0.42857142857142855,0.42857142857142855,0.42857142857142855,0.42857142857142855,0.42857142857142855,0.42857142857142855,0.42857142857142855,0.3333333333333333,0.2857142857142857,0.2857142857142857,0.3333333333333333,0.2857142857142857,0.2857142857142857,0.2857142857142857,0.2857142857142857,0.2857142857142857,0.2857142857142857,0.2857142857142857,0.2857142857142857,0.42857142857142855,0.42857142857142855,0.42857142857142855,0,0.42857142857142855,0.42857142857142855,0.42857142857142855,0.42857142857142855,0.42857142857142855,0.16666666666666666,0.42857142857142855,0.42857142857142855,0.42857142857142855,0.42857142857142855,0.42857142857142855,0.42857142857142855,0.42857142857142855,0.42857142857142855,0.42857142857142855,0.5714285714285714,0.7142857142857143,0.7142857142857143,0.7142857142857143,0,0.7142857142857143,0.7142857142857143,0.7142857142857143,0.7142857142857143,0.7142857142857143,0.7142857142857143,0.7142857142857143,0.7142857142857143,0.7142857142857143,0.8333333333333334,0.7142857142857143,0.6666666666666666,0.7142857142857143,0.7142857142857143,0.7142857142857143,0.7142857142857143,0.7142857142857143,0.7142857142857143,0.7142857142857143,0.7142857142857143,0.7142857142857143,0.7142857142857143,0.6666666666666666,0.7142857142857143,0.6666666666666666,0.7142857142857143,0.7142857142857143,0.7142857142857143,0.7142857142857143,0.6666666666666666,0.5714285714285714,0.5714285714285714,0.5714285714285714,0.5714285714285714,0.5714285714285714,0.5714285714285714,0.5714285714285714,0.5714285714285714,0.5714285714285714,0,0.5714285714285714,0.5714285714285714,0.5714285714285714,0.5714285714285714,0.5714285714285714,0.5714285714285714,0.6666666666666666,0.7142857142857143,0.7142857142857143,0.7142857142857143,0.7142857142857143,0.7142857142857143,0.7142857142857143,0.7142857142857143,0.7142857142857143,0.7142857142857143,0.7142857142857143,0.6666666666666666,0.7142857142857143,0,0.7142857142857143,0.7142857142857143,0.7142857142857143,0.7142857142857143,0.6666666666666666,0.7142857142857143,0.7142857142857143,0.7142857142857143,0.7142857142857143,0.0,0.7142857142857143,0.7142857142857143,0.7142857142857143,0.7142857142857143,0.8333333333333334,0.7142857142857143,0.8333333333333334,0.7142857142857143,0.7142857142857143,0.8333333333333334,0.7142857142857143,0.7142857142857143,0.8333333333333334,0.7142857142857143,0.8333333333333334,0.5714285714285714,0.6666666666666666,0.5714285714285714,0.5714285714285714,0.6666666666666666,0.5714285714285714,0.5714285714285714,0.5,0.42857142857142855,0.5,0.42857142857142855,0.42857142857142855,0.42857142857142855,0.42857142857142855,0,0.42857142857142855,0.42857142857142855,0.42857142857142855,0.42857142857142855,0.42857142857142855,0.42857142857142855,0.42857142857142855,0.42857142857142855,0.42857142857142855,0.5,0.2857142857142857,0.2857142857142857,0.2857142857142857,0.2857142857142857,0.2857142857142857,0.2857142857142857,0.2857142857142857,0.3333333333333333,0.2857142857142857,0,0.2857142857142857,0.2857142857142857,0.3333333333333333,0.2857142857142857,0.2857142857142857,0.2857142857142857,0.2857142857142857,0.2857142857142857,0.2857142857142857,0.0,0.2857142857142857,0.2857142857142857,0.2857142857142857,0.2857142857142857,0.2857142857142857,0.3333333333333333,0.2857142857142857,0.2857142857142857,0.2857142857142857,0.3333333333333333,0.2857142857142857,0.2857142857142857,0.2857142857142857,0.2857142857142857,0.2857142857142857,0.2857142857142857,0.2857142857142857,0.2857142857142857,0.2857142857142857,0.3333333333333333,0.2857142857142857,0.2857142857142857,0.2857142857142857,0.2857142857142857,0.2857142857142857,0.2857142857142857,0.2857142857142857,0.2857142857142857,0.2857142857142857,0.0,0.2857142857142857,0.2857142857142857,0.2857142857142857,0.2857142857142857,0.2857142857142857,0.2857142857142857,0.2857142857142857,0.2857142857142857,0.2857142857142857,0.3333333333333333,0.2857142857142857,0.2857142857142857,0.2857142857142857,0.2857142857142857,0.2,0.2857142857142857,0.2857142857142857,0.2857142857142857,0.2857142857142857,0,0.2857142857142857,0.2857142857142857,0.3333333333333333,0.3333333333333333,0.2857142857142857,0.2857142857142857,0.2857142857142857,0.2857142857142857,0.2857142857142857,0.25,0.3333333333333333,0.2857142857142857,0.16666666666666666,0.2857142857142857,0.2857142857142857,0.2857142857142857,0.2857142857142857,0.2857142857142857,0.3333333333333333,0.0,0.14285714285714285,0.14285714285714285,0.14285714285714285,0.16666666666666666,0.14285714285714285,0.14285714285714285,0.14285714285714285,0.14285714285714285,0.16666666666666666,0.0,0.14285714285714285,0.14285714285714285,0.14285714285714285,0.14285714285714285,0.14285714285714285,0.14285714285714285,0.14285714285714285,0.16666666666666666,0.14285714285714285,0,0.14285714285714285,0.14285714285714285,0.2,0.2,0.16666666666666666,0.16666666666666666,0.14285714285714285,0.14285714285714285,0.14285714285714285,0.0,0.14285714285714285,0.14285714285714285,0.14285714285714285,0.14285714285714285,0.14285714285714285,0.14285714285714285,0.0,0.14285714285714285,0.14285714285714285,0,0.14285714285714285,0.14285714285714285,0.16666666666666666,0.14285714285714285,0.14285714285714285,0.14285714285714285,0.14285714285714285,0.14285714285714285,0.14285714285714285,0.0,0.0,0.14285714285714285,0.16666666666666666,0.14285714285714285,0.14285714285714285,0.14285714285714285,0.14285714285714285,0.14285714285714285,0.14285714285714285,0.0,0.14285714285714285,0.14285714285714285,0.14285714285714285,0.16666666666666666,0.16666666666666666,0.14285714285714285,0.16666666666666666,0.14285714285714285,0.14285714285714285,0.0,0.2,0.14285714285714285,0.2857142857142857,0.2857142857142857,0.2857142857142857,0.14285714285714285,0.14285714285714285,0.14285714285714285,0.14285714285714285,0,0.14285714285714285,0.14285714285714285,0.14285714285714285,0.14285714285714285,0.14285714285714285,0.2857142857142857,0.42857142857142855,0.5,0.42857142857142855,0.5,0.5,0.5714285714285714,0.5714285714285714,0.7142857142857143,0.8333333333333334,0.7142857142857143,0.7142857142857143,0.7142857142857143,0.7142857142857143,0,0.7142857142857143,0.7142857142857143,0.7142857142857143,0.8333333333333334,0.7142857142857143,0.7142857142857143,0.7142857142857143,0.7142857142857143,0.7142857142857143,0.0,0.8333333333333334,1.0,1.0,1.0,1.0,1.1428571428571428,1.1428571428571428,1.1428571428571428,1.1428571428571428,1.0,1.1428571428571428,1.1428571428571428,1.1428571428571428,1.1428571428571428,1.1428571428571428,1.2857142857142858,1.5,1.2857142857142858,1.2857142857142858,1.3333333333333333,1.4285714285714286,1.4285714285714286,1.4285714285714286,1.4285714285714286,1.4285714285714286,1.2857142857142858,1.1428571428571428,1.1428571428571428,1.1428571428571428,0,1.1428571428571428,1.0,1.0,1.0,1.0,1.0,1.0,0.8333333333333334,1.1428571428571428,0.6,1.2857142857142858,1.4285714285714286,1.5714285714285714,1.5714285714285714,1.5714285714285714,1.5714285714285714,1.5714285714285714,1.5714285714285714,1.7142857142857142,0,1.7142857142857142,1.7142857142857142,1.7142857142857142,1.8571428571428572,2.2,1.8571428571428572,1.8571428571428572,1.7142857142857142,1.7142857142857142,0,1.7142857142857142,1.7142857142857142,1.7142857142857142,1.7142857142857142,1.7142857142857142,1.8571428571428572,1.8571428571428572,1.8571428571428572,1.8571428571428572,1.75,1.8571428571428572,1.8571428571428572,1.8571428571428572,1.8571428571428572,2.2857142857142856,2.142857142857143,2.142857142857143,2.0,2.0,1.6,2.2857142857142856,2.2857142857142856,2.4285714285714284,2.5,2.4285714285714284,2.4285714285714284,2.4285714285714284,2.4285714285714284,2.4285714285714284,0,2.6666666666666665,2.4285714285714284,2.6666666666666665,2.4285714285714284,2.4285714285714284,2.4285714285714284,2.1666666666666665,2.4285714285714284,2.4285714285714284,2.2,2.4285714285714284,2.4285714285714284,2.2857142857142856,2.2857142857142856,2.2857142857142856,2.4285714285714284,2.4285714285714284,2.4285714285714284,2.5714285714285716,0,2.7142857142857144,2.7142857142857144,2.7142857142857144,2.857142857142857,3.0,3.0,3.0,3.142857142857143,3.142857142857143,0,3.0,3.0,3.0,3.0,3.0,3.0,3.1666666666666665,3.0,3.0,2.8,3.142857142857143,2.6666666666666665,3.142857142857143,3.142857142857143,3.142857142857143,3.142857142857143,3.0,2.8333333333333335,3.0,2.0,3.142857142857143,3.142857142857143,3.2857142857142856,3.4285714285714284,3.4285714285714284,3.4285714285714284,3.4285714285714284,3.4285714285714284,3.4285714285714284,0,3.4285714285714284,3.5714285714285716,3.5714285714285716,3.5714285714285716,3.5714285714285716,3.4285714285714284,3.4285714285714284,3.4285714285714284,3.4285714285714284,2.8,3.4285714285714284,3.6666666666666665,3.5714285714285716,3.5714285714285716,3.5714285714285716,3.5714285714285716,3.5714285714285716,3.7142857142857144,3.857142857142857,0,4.142857142857143,4.142857142857143,4.142857142857143,4.142857142857143,4.142857142857143,4.285714285714286,4.428571428571429,4.285714285714286,4.285714285714286,1.0,4.285714285714286,4.285714285714286,4.285714285714286,4.285714285714286,4.285714285714286,4.142857142857143,4.142857142857143,4.142857142857143,4.285714285714286,3.8333333333333335,4.285714285714286,4.428571428571429,4.428571428571429,4.428571428571429,4.428571428571429,4.571428571428571,4.571428571428571,4.714285714285714,4.714285714285714,4.5,5.142857142857143,5.285714285714286,5.0,5.428571428571429,5.428571428571429,5.571428571428571,5.714285714285714,5.714285714285714,5.714285714285714,0,5.714285714285714,5.714285714285714,5.714285714285714,5.714285714285714,5.714285714285714,5.714285714285714,5.714285714285714,5.714285714285714,5.714285714285714,5.333333333333333,5.714285714285714,5.714285714285714,5.857142857142857,5.857142857142857,6.0,5.857142857142857,5.857142857142857,5.857142857142857,6.0,0,6.0,6.0,6.0,6.5,6.0,6.0,6.142857142857143,6.142857142857143,6.0,5.0,6.0,6.0,6.0,6.0,6.0,6.0,6.142857142857143,6.142857142857143,6.142857142857143,4.8,5.666666666666667,5.666666666666667,5.666666666666667,5.666666666666667,5.666666666666667,5.666666666666667,5.666666666666667,5.666666666666667,5.666666666666667,5.0,5.666666666666667,5.666666666666667,5.666666666666667,5.5,5.5,5.5,5.5,5.833333333333333,5.833333333333333,0,6.0,6.0,6.0,6.0,6.0,6.0,6.0,6.166666666666667,6.166666666666667,6.166666666666667,6.166666666666667,6.166666666666667,6.166666666666667,6.166666666666667,6.166666666666667,6.166666666666667,6.166666666666667,6.166666666666667,6.166666666666667,0,6.166666666666667,5.6,6.166666666666667,6.166666666666667,6.166666666666667,6.166666666666667,6.166666666666667,6.333333333333333,6.333333333333333,2.0,6.333333333333333,6.5,6.5,6.666666666666667,6.666666666666667,6.666666666666667,6.666666666666667,6.666666666666667,6.666666666666667,6.25,7.166666666666667,7.166666666666667,7.166666666666667,7.166666666666667,7.166666666666667,7.166666666666667,7.0,7.0,7.0,6.4,7.0,7.0,7.0,7.0,7.0,7.0,7.0,7.0,7.0,0,7.333333333333333,7.333333333333333,7.5,7.666666666666667,7.666666666666667,8.166666666666666,8.166666666666666,8.166666666666666,8.166666666666666,7.4,8.166666666666666,8.166666666666666,8.166666666666666,8.166666666666666,8.166666666666666,8.166666666666666,8.166666666666666,8.166666666666666,8.166666666666666,0,8.166666666666666,8.333333333333334,8.333333333333334,8.333333333333334,8.333333333333334,8.333333333333334,8.333333333333334,8.333333333333334,8.333333333333334,6.333333333333333,8.333333333333334,8.333333333333334,8.333333333333334,8.333333333333334,8.333333333333334,8.333333333333334,8.6,8.333333333333334,8.333333333333334,7.6,8.333333333333334,8.333333333333334,8.333333333333334,8.333333333333334,8.333333333333334,8.333333333333334,8.333333333333334,8.333333333333334,8.333333333333334,8.75,8.333333333333334,8.333333333333334,8.333333333333334,8.333333333333334,8.333333333333334,8.333333333333334,8.333333333333334,8.333333333333334,8.333333333333334,0,8.333333333333334,8.333333333333334,8.333333333333334,8.333333333333334,8.333333333333334,8.333333333333334,8.333333333333334,8.5,8.333333333333334,7.25,8.333333333333334,8.333333333333334,8.333333333333334,8.333333333333334,8.333333333333334,8.333333333333334,8.333333333333334,8.333333333333334,8.333333333333334,0,8.333333333333334,8.333333333333334,8.333333333333334,8.333333333333334,8.333333333333334,8.333333333333334,8.333333333333334,7.6,8.333333333333334,7.6,8.333333333333334,8.333333333333334,8.333333333333334,8.333333333333334,8.333333333333334,8.333333333333334,8.5,8.5,8.5,7.8,8.5,8.5,8.5,8.5,8.5,8.5,8.5,8.5,8.5,7.8,8.5,8.5,8.5,8.5,8.5,8.5,8.8,8.5,8.333333333333334
0,8.333333333333334,8.333333333333334,8.333333333333334,8.333333333333334,8.333333333333334,8.333333333333334,8.333333333333334,8.333333333333334,8.6,7.6,8.333333333333334,8.333333333333334,8.333333333333334,8.333333333333334,8.333333333333334,8.5,8.5,8.5,8.5,0,8.5,8.5,7.0,7.8,8.5,8.5,8.5,8.5,8.5,8.0,7.8,7.8,8.5,8.5,8.5,7.8,8.5,8.0,8.5,8.0,7.8,8.5,8.5,7.8,8.5,8.5,8.5,8.5,8.5,7.0,8.5,8.5,8.5,8.5,8.5,7.8,7.0,8.5,8.5,9.0,8.5,8.8,8.5,8.5,8.5,8.5,7.8,7.8,8.5,7.0,8.5,8.5,8.5,8.5,8.5,8.5,8.5,8.5,8.5,0,7.8,8.5,8.5,8.5,8.5,8.5,8.5,8.5,8.8,8.0,8.5,8.5,8.5,7.8,7.8,7.8,8.0,8.5,7.8,7.25,8.5,8.5,8.5,8.5,8.5,8.5,8.5,8.5,8.5,7.25,8.5,7.8,8.5,8.5,8.5,8.5,8.5,8.5,8.5,0,8.5,8.5,8.5,8.5,8.5,8.5,8.5,8.5,8.5,8.0,8.5,8.5,8.5,8.5,8.5,8.5,8.5,8.5,8.5,0,8.5,8.666666666666666,8.666666666666666,8.666666666666666,8.666666666666666,8.666666666666666,8.666666666666666,8.666666666666666,8.666666666666666,8.2,8.666666666666666,8.666666666666666,8.666666666666666,8.666666666666666,8.666666666666666,8.666666666666666,8.666666666666666,8.666666666666666,8.666666666666666,8.2,8.666666666666666,8.666666666666666,8.666666666666666,8.666666666666666,8.666666666666666,8.666666666666666,8.666666666666666,8.666666666666666,8.666666666666666,8.2,8.666666666666666,8.666666666666666,8.666666666666666,8.666666666666666,8.666666666666666,8.666666666666666,8.666666666666666,8.666666666666666,8.666666666666666,8.5,8.666666666666666,8.666666666666666,8.666666666666666,8.666666666666666,8.666666666666666,8.666666666666666,8.666666666666666,8.666666666666666,8.666666666666666,8.2,8.666666666666666,8.666666666666666,8.666666666666666,8.666666666666666,8.666666666666666,8.666666666666666,8.666666666666666,8.666666666666666,8.666666666666666,0,8.666666666666666,8.666666666666666,8.666666666666666,8.666666666666666,8.666666666666666,8.666666666666666,8.666666666666666,8.666666666666666,8.666666666666666,8.666666666666666,8.666666666666666,8.666666666666666,8.666666666666666,8.666666666666666,8.666666666666666,8.666666666666666,8.666666666666666,7.8,9.8,7.8,8.666666666666666,8.666666666666666,8.666666666666666,8.666666666666666,8.666666666666666,8.666666666666666,8.666666666666666,8.666666666666666,8.666666666666666,7.8,8.666666666666666,8.666666666666666,8.666666666666666,8.666666666666666,8.666666666666666,8.666666666666666,8.666666666666666,8.666666666666666,8.666666666666666,7.0,8.666666666666666,8.666666666666666,8.666666666666666,8.666666666666666,8.666666666666666,8.666666666666666,9.0,8.666666666666666,8.666666666666666,7.8,8.666666666666666,8.666666666666666,8.666666666666666,8.666666666666666,8.666666666666666,8.666666666666666,8.666666666666666,8.666666666666666,8.666666666666666,0,8.666666666666666,8.666666666666666,8.5,8.5,8.5,8.5,8.5,7.8,8.5,7.8,8.5,8.5,8.5,8.5,8.5,8.0,8.5,8.5,8.5,7.0,8.5,8.5,8.5,8.5,8.5,8.5,8.5,8.5,8.5,7.0,8.5,8.5,8.5,8.5,8.5,8.5,8.5,8.5,8.5,7.0,8.5,8.5,8.333333333333334,8.333333333333334,8.333333333333334,8.333333333333334,8.333333333333334,8.333333333333334,8.333333333333334,7.0,8.333333333333334,8.333333333333334,8.333333333333334,8.333333333333334,8.333333333333334,8.333333333333334,8.333333333333334,8.333333333333334,8.333333333333334,0,8.333333333333334,8.333333333333334,8.333333333333334,8.333333333333334,8.333333333333334,8.333333333333334,8.333333333333334,8.333333333333334,8.333333333333334,8.0,8.333333333333334,8.333333333333334,8.333333333333334,8.333333333333334,8.333333333333334,8.333333333333334,8.333333333333334,8.333333333333334,8.333333333333334,8.0,8.333333333333334,8.333333333333334,8.333333333333334,8.333333333333334,8.333333333333334,8.333333333333334,8.333333333333334,8.333333333333334,8.333333333333334,8.0,8.333333333333334,7.8,8.333333333333334,8.333333333333334,8.333333333333334,8.333333333333334,8.333333333333334,8.333333333333334,8.333333333333334,7.25,8.333333333333334,8.166666666666666,8.166666666666666,8.166666666666666,8.166666666666666,8.166666666666666,8.166666666666666,8.166666666666666,8.166666666666666,7.0,8.166666666666666,8.166666666666666,8.333333333333334,8.333333333333334,8.333333333333334,8.333333333333334,8.333333333333334,8.333333333333334,8.333333333333334,0,8.333333333333334,8.333333333333334,8.333333333333334,8.333333333333334,8.333333333333334,8.333333333333334,8.333333333333334,8.166666666666666,8.166666666666666,7.6,8.4,8.0,8.0,8.0,8.0,7.833333333333333,7.833333333333333,7.833333333333333,7.833333333333333,7.2,7.833333333333333,7.666666666666667,7.666666666666667,7.666666666666667,7.5,7.5,7.5,7.333333333333333,7.333333333333333,6.4,7.0,6.666666666666667,6.333333333333333,6.333333333333333,6.333333333333333,6.166666666666667,6.166666666666667,6.166666666666667,6.166666666666667,0,6.0,6.0,6.0,6.0,6.0,6.0,6.0,6.0,6.0,5.4,5.833333333333333,5.666666666666667,5.666666666666667,5.666666666666667,5.666666666666667,5.666666666666667,5.666666666666667,5.5,5.5,0,5.5,5.5,5.5,5.333333333333333,5.5,5.5,5.5,5.5,5.333333333333333,2.0,5.333333333333333,5.333333333333333,5.333333333333333,5.333333333333333,5.333333333333333,5.333333333333333,5.333333333333333,5.333333333333333,5.333333333333333,4.5,5.0,4.4,4.833333333333333,4.833333333333333,4.666666666666667,4.333333333333333,4.333333333333333,4.166666666666667,4.166666666666667,3.25,3.3333333333333335,3.1666666666666665,3.0,3.0,3.0,2.6666666666666665,2.5,2.5,2.5,0,2.5,2.3333333333333335,2.1666666666666665,2.1666666666666665,2.1666666666666665,2.1666666666666665,2.0,1.8333333333333333,1.8333333333333333,1.5,1.6666666666666667,1.5,1.3333333333333333,1.3333333333333333,1.3333333333333333,1.3333333333333333,1.3333333333333333,1.1666666666666667,1.0,0,1.0,0.6,1.0,1.0,0.6,1.0,1.1666666666666667,1.0,1.1666666666666667,0.0,1.2,1.0,1.0,1.0,1.0,1.0,0.8333333333333334,1.2,1.0,0.6,0.8333333333333334,0.8333333333333334,0.8333333333333334,0.8333333333333334,0.8333333333333334,0.8333333333333334,0.8333333333333334,0.8333333333333334,0.8333333333333334,0.6,0.8333333333333334,0.8333333333333334,0.8333333333333334,0.8333333333333334,0.8333333333333334,0.8333333333333334,1.0,0.8333333333333334,0.8333333333333334,0,0.8333333333333334,0.8333333333333334,0.8333333333333334,0.8333333333333334,0.8333333333333334,1.1666666666666667,1.1666666666666667,1.1666666666666667,1.1666666666666667,0.75,1.0,1.0,1.0,1.0,1.0,1.2,1.0,1.0,1.0,0,1.0,1.0,1.0,1.0,1.0,0.8333333333333334,0.8333333333333334,0.8333333333333334,0.8333333333333334,0.0,0.8333333333333334,0.8333333333333334,0.8,0.6666666666666666,0.6666666666666666,0.6666666666666666,0.6666666666666666,0.6666666666666666,0.5,0.6,0.5,0.5,0.5,0.5,0.5,0.5,0.5,0.5,0.6666666666666666,1.0,0.8333333333333334,0.8333333333333334,0.8333333333333334,0.8333333333333334,0.8333333333333334,0.8333333333333334,0.8333333333333334,0.8,0.8333333333333334,0,0.8333333333333334,0.8333333333333334,0.8333333333333334,0.8333333333333334,0.8333333333333334,0.8333333333333334,0.8333333333333334,0.8333333333333334,0.8333333333333334,1.0,0.8333333333333334,0.8333333333333334,0.8333333333333334,0.8333333333333334,0.8333333333333334,0.8333333333333334,0.8333333333333334,0.6666666666666666,0.6666666666666666,0,0.6666666666666666,0.6,0.6666666666666666,0.6666666666666666,0.6666666666666666,0.6666666666666666,0.6666666666666666,0.6666666666666666,0.6666666666666666,1.0,0.6666666666666666,0.6666666666666666,0.6666666666666666,0.6666666666666666,0.6666666666666666,0.6666666666666666,0.8,0.6666666666666666,0.5,0.5,0.5,0.5,0.5,0.5,0.5,0.5,0.5,0.5,0.5,0.5,0.5,0.3333333333333333,0.3333333333333333,0.3333333333333333,0.3333333333333333,0.3333333333333333,0.3333333333333333,0.3333333333333333,0.3333333333333333,0,0.3333333333333333,0.3333333333333333,0.3333333333333333,0.3333333333333333,0.3333333333333333,0.3333333333333333,0.3333333333333333,0.3333333333333333,0.3333333333333333,0.4,0.3333333333333333,0.3333333333333333,0.3333333333333333,0.3333333333333333,0.3333333333333333,0.3333333333333333,0.3333333333333333,0.2,0.3333333333333333,0,0.3333333333333333,0.3333333333333333,0.3333333333333333,0.3333333333333333,0.3333333333333333,0.3333333333333333,0.3333333333333333,0.3333333333333333,0.3333333333333333,0.25,0.3333333333333333,0.3333333333333333,0.4,0.3333333333333333,0.3333333333333333,0.3333333333333333,0.3333333333333333,0.3333333333333333,0.3333333333333333,0.25,0.3333333333333333,0.3333333333333333,0.3333333333333333,0.5,0.5,0.5,0.5,0.5,0.5,0.25,0.5,0.5,0.5,0.5,0.5,0.5,0.5,0.5,0.5,0,0.5,0.5,0.5,0.5,0.5,0.5,0.5,0.5,0.5,0.4,0.3333333333333333,0.3333333333333333,0.3333333333333333,0.3333333333333333,0.3333333333333333,0.3333333333333333,0.3333333333333333,0.3333333333333333,0.3333333333333333,0,0.3333333333333333,0.3333333333333333,0.3333333333333333,0.3333333333333333,0.3333333333333333,0.3333333333333333,0.3333333333333333,0.3333333333333333,0.3333333333333333,0.5,0.3333333333333333,0.3333333333333333,0.3333333333333333,0.3333333333333333,0.3333333333333333,0.3333333333333333,0.3333333333333333,0.3333333333333333,0.3333333333333333,0.2,0.3333333333333333,0.3333333333333333,0.3333333333333333,0.3333333333333333,0.3333333333333333,0.16666666666666666,0.16666666666666666,0.16666666666666666,0.16666666666666666,0.0,0.16666666666666666,0.16666666666666666,0.16666666666666666,0.16666666666666666,0.16666666666666666,0.16666666666666666,0.3333333333333333,0.3333333333333333,0.3333333333333333,0,0.3333333333333333,0.3333333333333333,0.3333333333333333,0.3333333333333333,0.3333333333333333,0.3333333333333333,0.3333333333333333,0.3333333333333333,0.3333333333333333,0.3333333333333333,0.3333333333333333,0.3333333333333333,0.3333333333333333,0.3333333333333333,0.3333333333333333,0.3333333333333333,0.3333333333333333,0.3333333333333333,0.3333333333333333,0,0.3333333333333333,0.3333333333333333,0.3333333333333333,0.3333333333333333,0.3333333333333333,0.3333333333333333,0.3333333333333333,0.2,0.3333333333333333,0.0,0.3333333333333333,0.3333333333333333,0.4,0.3333333333333333,0.3333333333333333,0.3333333333333333,0.3333333333333333,0.3333333333333333,0.3333333333333333,0.2,0.3333333333333333,0.3333333333333333,0.3333333333333333,0.3333333333333333,0.3333333333333333,0.3333333333333333,0.3333333333333333,0.3333333333333333,0.3333333333333333,0.2,0.3333333333333333,0.3333333333333333,0.3333333333333333,0.3333333333333333,0.3333333333333333,0.3333333333333333,0.3333333333333333,0.3333333333333333,0.3333333333333333,0,0.3333333333333333,0.3333333333333333,0.3333333333333333,0.3333333333333333,0.3333333333333333,0.3333333333333333,0.3333333333333333,0.3333333333333333,0.3333333333333333,0.2,0.3333333333333333,0.3333333333333333,0.3333333333333333,0.3333333333333333,0.3333333333333333,0.3333333333333333,0.3333333333333333,0.3333333333333333,0.3333333333333333,0,0.3333333333333333,0.3333333333333333,0.3333333333333333,0.3333333333333333,0.3333333333333333,0.3333333333333333,0.3333333333333333,0.3333333333333333,0.3333333333333333,0.0,0.3333333333333333,0.3333333333333333,0.3333333333333333,0.3333333333333333,0.5,0.3333333333333333,0.4,0.3333333333333333,0.3333333333333333,0.25,0.3333333333333333,0.3333333333333333,0.3333333333333333,0.3333333333333333,0.3333333333333333,0.3333333333333333,0.3333333333333333,0.3333333333333333,0.3333333333333333,0.25,0.3333333333333333,0.3333333333333333,0.3333333333333333,0.2,0.3333333333333333,0.3333333333333333,0.3333333333333333,0.5,0.5,0,0.5,0.5,0.5,0.5,0.5,0.4,0.6666666666666666,0.6666666666666666,0.8333333333333334,0.3333333333333333,1.0,1.0,1.0,0.8333333333333334,0.8333333333333334,0.8333333333333334,0.8333333333333334,0.8333333333333334,0.8333333333333334,0,0.8333333333333334,0.8333333333333334,0.8333333333333334,0.8333333333333334,0.8333333333333334,0.8333333333333334,0.8333333333333334,0.8333333333333334,0.8333333333333334,0.0,0.8333333333333334,0.8333333333333334,0.8333333333333334,0.8333333333333334,0.8333333333333334,0.8333333333333334,0.8333333333333334,0.8333333333333334,0.8333333333333334,0.75,0.8333333333333334,0.8333333333333334,0.8333333333333334,0.8333333333333334,1.1666666666666667,1.1666666666666667,1.1666666666666667,1.1666666666666667,1.1666666666666667,1.25,1.1666666666666667,1.1666666666666667,1.1666666666666667,1.1666666666666667,1.1666666666666667,1.1666666666666667,1.1666666666666667,1.1666666666666667,1.1666666666666667,0,1.1666666666666667,1.1666666666666667,1.1666666666666667,1.1666666666666667,1.1666666666666667,1.1666666666666667,1.1666666666666667,1.1666666666666667,1.1666666666666667,1.25,1.3333333333333333,1.3333333333333333,1.3333333333333333,1.3333333333333333,1.3333333333333333,1.3333333333333333,1.4,1.3333333333333333,1.3333333333333333,0,1.3333333333333333,1.5,1.5,1.5,1.5,1.5,1.5,1.5,1.5,0.0,1.5,1.5,1.5,1.5,1.5,1.5,1.4,1.5,1.5,1.4,1.3333333333333333,1.6,1.4,1.5,1.5,1.5,1.5,1.5,1.6666666666666667,2.0,1.6666666666666667,1.6666666666666667,1.8333333333333333,1.8333333333333333,1.8333333333333333,1.8333333333333333,1.8333333333333333,1.8333333333333333,2.0,0,2.0,2.0,2.0,2.0,2.0,2.0,2.0,2.0,2.0,2.4,1.8333333333333333,1.8333333333333333,1.8333333333333333,1.8333333333333333,2.0,2.1666666666666665,2.1666666666666665,2.1666666666666665,2.1666666666666665,0,2.3333333333333335,2.8,2.3333333333333335,2.3333333333333335,2.3333333333333335,2.3333333333333335,2.3333333333333335,2.3333333333333335,2.1666666666666665,6.0,2.3333333333333335,2.3333333333333335,2.3333333333333335,2.3333333333333335,2.5,2.6,2.5,2.5,2.5,2.0,2.5,1.75,2.6666666666666665,2.6666666666666665,2.6666666666666665,2.6666666666666665,2.6666666666666665,2.6666666666666665,2.8333333333333335,3.25,2.8333333333333335,3.0,3.0,3.0,3.0,3.0,3.0,3.0,3.0,0,3.0,3.0,3.0,3.0,3.0,3.0,3.0,3.0,3.0,3.25,3.0,3.0,3.1666666666666665,3.1666666666666665,3.1666666666666665,3.1666666666666665,3.1666666666666665,3.1666666666666665,3.1666666666666665,0,3.1666666666666665,3.0,3.8,3.1666666666666665,3.0,3.1666666666666665,3.1666666666666665,3.1666666666666665,3.3333333333333335,1.0,3.3333333333333335,3.1666666666666665,3.3333333333333335,3.3333333333333335,3.3333333333333335,3.5,3.5,3.5,3.5,3.5,3.5,3.5,3.5,3.5,3.5,3.5,3.5,3.5,3.5,3.6,3.5,3.5,3.5,3.5,3.5,4.0,3.5,3.5,3.5,0,3.5,3.5,3.5,3.3333333333333335,3.3333333333333335,3.3333333333333335,3.8,3.5,3.5,4.25,3.8,3.6,3.6,3.6,3.6,4.25,3.2,3.8,3.8,0,3.8,3.8,3.5,3.4,3.1666666666666665,3.1666666666666665,3.25,3.1666666666666665,3.1666666666666665,1.0,3.1666666666666665,3.1666666666666665,3.0,3.1666666666666665,3.3333333333333335,3.3333333333333335,3.0,3.3333333333333335,3.3333333333333335,3.25,3.5,2.8,3.5,3.5,3.2,3.6666666666666665,3.4,3.6666666666666665,3.6666666666666665,3.75,3.8333333333333335,3.0,3.8333333333333335,3.6,3.8333333333333335,3.8333333333333335,3.8333333333333335,3.8333333333333335,3.8333333333333335,0,3.6,3.8333333333333335,4.0,3.0,4.0,3.8,4.0,4.0,4.0,4.4,3.8,3.8333333333333335,3.8333333333333335,3.6666666666666665,3.6,3.6666666666666665,3.6666666666666665,3.6666666666666665,3.8333333333333335,0,4.0,4.0,4.0,4.0,4.0,4.0,4.0,4.0,4.0,1.0,4.166666666666667,4.166666666666667,4.0,4.166666666666667,4.166666666666667,4.166666666666667,4.166666666666667,4.333333333333333,4.5,4.2,4.666666666666667,4.666666666666667,4.666666666666667,4.666666666666667,4.666666666666667,4.666666666666667,4.666666666666667,4.666666666666667,4.666666666666667,4.4,4.666666666666667,4.666666666666667,4.666666666666667,4.666666666666667,4.666666666666667,4.833333333333333,4.833333333333333,4.833333333333333,4.833333333333333,0,4.833333333333333,4.833333333333333,5.0,5.0,5.0,5.0,5.0,5.0,4.833333333333333,4.8,5.333333333333333,5.333333333333333,5.5,5.5,5.5,5.5,5.5,5.5,5.5,0,5.5,5.5,5.5,5.666666666666667,5.666666666666667,5.666666666666667,5.666666666666667,5.666666666666667,5.666666666666667,2.5,6.0,6.0,6.0,6.0,6.0,5.833333333333333,5.833333333333333,6.0,5.8,6.0,6.0,6.166666666666667,6.166666666666667,6.166666666666667,6.333333333333333,6.5,6.5,6.666666666666667,6.666666666666667,6.666666666666667,6.666666666666667,6.666666666666667,6.666666666666667,6.666666666666667,6.666666666666667,6.833333333333333,7.0,7.166666666666667,7.166666666666667,0,7.333333333333333,7.333333333333333,7.333333333333333,7.333333333333333,7.5,7.5,7.5,7.5,7.5,7.5,7.5,7.833333333333333,8.0,8.0,8.166666666666666,8.166666666666666,8.166666666666666,8.166666666666666,8.166666666666666,0,8.333333333333334,8.333333333333334,8.5,8.5,8.5,8.5,8.5,8.5,8.5,8.4,8.5,8.5,8.5,8.5,8.5,8.5,8.5,8.5,8.5,8.5,8.5,8.5,8.5,8.5,8.5,8.5,8.666666666666666,8.666666666666666,8.666666666666666,8.666666666666666,8.666666666666666,8.666666666666666,8.666666666666666,8.666666666666666,8.666666666666666,8.666666666666666,8.666666666666666,8.666666666666666,8.666666666666666,0,8.5,8.5,8.5,8.5,8.5,8.5,8.5,8.5,8.5,8.333333333333334,8.333333333333334,8.333333333333334,8.333333333333334,8.333333333333334,8.333333333333334,8.0,8.0,8.0,8.0,0,8.0,8.4,8.0,8.0,8.0,8.0,9.2,8.0,8.166666666666666,8.6,8.166666666666666,8.166666666666666,8.166666666666666,8.166666666666666,8.166666666666666,8.166666666666666,8.166666666666666,8.166666666666666,8.333333333333334,8.8,8.333333333333334,8.333333333333334,8.333333333333334,8.0,8.0,8.333333333333334,8.333333333333334,8.333333333333334,8.333333333333334,8.5,8.5,8.5,8.5,8.5,8.5,8.5,8.5,8.5,8.5
0,8.5,8.5,8.5,8.5,8.5,8.5,8.5,8.5,8.8,8.5,8.5,8.5,8.5,8.5,8.5,8.5,8.5,8.5,8.5,0,8.5,8.5,8.5,8.5,8.5,8.5,8.5,8.5,8.5,9.0,8.5,8.5,9.0,7.4,8.666666666666666,8.666666666666666,8.666666666666666,8.2,8.666666666666666,9.75,8.2,8.666666666666666,8.666666666666666,8.666666666666666,8.666666666666666,8.666666666666666,8.666666666666666,8.666666666666666,8.666666666666666,8.75,8.666666666666666,8.666666666666666,8.666666666666666,8.666666666666666,8.666666666666666,8.666666666666666,8.666666666666666,8.666666666666666,8.666666666666666,12.5,8.666666666666666,8.666666666666666,8.666666666666666,8.2,8.666666666666666,7.4,8.666666666666666,8.666666666666666,8.5,8.0,8.5,8.5,8.5,8.5,8.5,8.5,8.5,8.5,8.5,0,7.4,8.666666666666666,8.666666666666666,8.666666666666666,8.666666666666666,8.666666666666666,8.666666666666666,8.666666666666666,8.666666666666666,7.4,8.666666666666666,8.666666666666666,8.666666666666666,8.666666666666666,8.666666666666666,8.666666666666666,8.666666666666666,8.666666666666666,8.666666666666666,8.666666666666666,8.666666666666666,8.666666666666666,8.666666666666666,8.666666666666666,8.4,8.666666666666666,8.666666666666666,8.666666666666666,8.666666666666666,8.666666666666666,8.666666666666666,9.2,8.4,8.666666666666666,8.666666666666666,8.666666666666666,8.4,8.666666666666666,8.666666666666666,0,8.666666666666666,8.666666666666666,8.666666666666666,8.666666666666666,8.666666666666666,8.666666666666666,8.666666666666666,8.666666666666666,8.666666666666666,8.666666666666666,8.666666666666666,8.666666666666666,8.666666666666666,8.666666666666666,8.666666666666666,8.666666666666666,8.666666666666666,8.666666666666666,8.666666666666666,0,8.666666666666666,8.666666666666666,8.666666666666666,8.666666666666666,8.666666666666666,8.666666666666666,8.666666666666666,8.666666666666666,8.666666666666666,8.666666666666666,8.666666666666666,8.666666666666666,8.666666666666666,8.666666666666666,8.666666666666666,8.666666666666666,8.666666666666666,8.666666666666666,8.666666666666666,8.666666666666666,8.666666666666666,8.666666666666666,8.666666666666666,8.666666666666666,8.666666666666666,8.666666666666666,8.666666666666666,8.666666666666666,8.666666666666666,8.666666666666666,8.666666666666666,8.666666666666666,8.666666666666666,8.666666666666666,8.666666666666666,8.666666666666666,8.666666666666666,8.666666666666666,8.666666666666666,8.666666666666666,8.666666666666666,8.666666666666666,8.666666666666666,8.666666666666666,8.666666666666666,8.666666666666666,8.666666666666666,8.666666666666666,8.666666666666666,8.666666666666666,8.666666666666666,8.666666666666666,8.666666666666666,8.666666666666666,8.666666666666666,8.666666666666666,8.666666666666666,8.666666666666666,8.666666666666666,0,8.666666666666666,8.666666666666666,8.666666666666666,8.666666666666666,8.666666666666666,8.666666666666666,8.666666666666666,8.666666666666666,8.666666666666666,8.666666666666666,8.666666666666666,8.666666666666666,8.666666666666666,8.666666666666666,8.666666666666666,8.666666666666666,9.2,8.666666666666666,8.666666666666666,9.2,8.666666666666666,8.666666666666666,8.666666666666666,8.666666666666666,8.666666666666666,8.666666666666666,8.666666666666666,8.666666666666666,8.666666666666666,9.2,8.666666666666666,8.666666666666666,8.666666666666666,8.2,8.666666666666666,8.666666666666666,8.666666666666666,8.666666666666666,8.4,10.666666666666666,8.666666666666666,8.666666666666666,8.666666666666666,8.666666666666666,8.666666666666666,8.666666666666666,8.666666666666666,8.666666666666666,8.666666666666666,8.75,8.666666666666666,8.666666666666666,8.666666666666666,8.666666666666666,8.666666666666666,8.666666666666666,8.666666666666666,8.666666666666666,8.666666666666666,0,8.5,8.5,10.25,8.5,8.5,8.5,8.5,8.5,8.5,9.0,8.2,8.5,8.5,8.5,8.5,8.5,8.5,8.5,8.5,8.75,8.5,8.5,8.5,8.333333333333334,8.333333333333334,8.333333333333334,8.333333333333334,8.333333333333334,8.333333333333334,8.5,8.333333333333334,8.333333333333334,8.333333333333334,8.333333333333334,8.333333333333334,8.333333333333334,8.333333333333334,8.333333333333334,8.333333333333334,8.0,8.333333333333334,8.166666666666666,8.166666666666666,8.166666666666666,8.166666666666666,8.166666666666666,8.0,8.0,8.0,7.6,8.0,8.0,8.0,8.0,8.0,8.0,8.0,8.0,8.0,0,8.0,8.0,8.166666666666666,8.166666666666666,8.166666666666666,8.166666666666666,8.166666666666666,8.166666666666666,8.333333333333334,8.0,8.333333333333334,8.333333333333334,8.333333333333334,8.333333333333334,8.333333333333334,8.333333333333334,8.333333333333334,8.333333333333334,8.333333333333334,8.0,8.333333333333334,8.333333333333334,7.0,8.333333333333334,8.333333333333334,8.333333333333334,8.333333333333334,8.333333333333334,8.333333333333334,8.0,8.333333333333334,8.333333333333334,8.333333333333334,8.333333333333334,8.333333333333334,8.333333333333334,8.333333333333334,8.333333333333334,8.333333333333334,8.25,8.333333333333334,8.333333333333334,8.333333333333334,8.333333333333334,8.333333333333334,8.333333333333334,8.333333333333334,8.333333333333334,8.333333333333334,8.333333333333334,8.333333333333334,8.333333333333334,8.333333333333334,8.333333333333334,8.333333333333334,8.333333333333334,8.333333333333334,8.333333333333334,8.333333333333334,0,8.333333333333334,8.333333333333334,8.333333333333334,8.333333333333334,8.333333333333334,8.333333333333334,8.333333333333334,8.333333333333334,8.333333333333334,8.333333333333334,8.333333333333334,8.333333333333334,8.333333333333334,8.333333333333334,8.333333333333334,8.333333333333334,8.333333333333334,8.333333333333334,8.5,8.333333333333334,8.333333333333334,8.333333333333334,8.166666666666666,7.833333333333333,7.666666666666667,7.666666666666667,7.666666666666667,7.666666666666667,7.5,7.333333333333333,7.0,6.833333333333333,6.833333333333333,6.833333333333333,6.833333333333333,6.5,6.5,6.5,6.5,0,6.5,6.333333333333333,6.333333333333333,6.166666666666667,6.0,5.833333333333333,5.833333333333333,5.833333333333333,5.833333333333333,5.833333333333333,5.833333333333333,5.833333333333333,5.5,5.333333333333333,5.333333333333333,5.333333333333333,5.333333333333333,5.333333333333333,5.333333333333333,0,5.5,5.5,5.5,5.5,5.5,5.5,5.5,5.5,5.5,0,5.5,5.333333333333333,5.333333333333333,5.333333333333333,5.333333333333333,5.333333333333333,5.333333333333333,5.166666666666667,5.0,5.0,4.833333333333333,4.666666666666667,4.666666666666667,4.666666666666667,4.333333333333333,4.333333333333333,4.333333333333333,4.0,4.0,4.0,3.2,3.5,3.0,2.6666666666666665,3.2,2.5,2.8,2.3333333333333335,2.0,0,2.0,2.0,2.4,2.0,2.0,1.8333333333333333,1.8333333333333333,1.6666666666666667,1.8333333333333333,2.2,1.8333333333333333,1.8333333333333333,1.6666666666666667,1.5,1.5,1.5,1.5,1.5,1.5,0,1.5,1.5,1.5,1.3333333333333333,1.3333333333333333,1.3333333333333333,1.3333333333333333,1.1666666666666667,1.1666666666666667,0,1.3333333333333333,1.3333333333333333,1.5,1.5,1.5,1.5,1.5,1.3333333333333333,1.1666666666666667,1.1666666666666667,1.1666666666666667,1.3333333333333333,1.3333333333333333,1.3333333333333333,1.3333333333333333,1.3333333333333333,1.1666666666666667,1.1666666666666667,1.1666666666666667,1.6,1.3333333333333333,1.3333333333333333,1.3333333333333333,1.3333333333333333,1.3333333333333333,1.3333333333333333,1.1666666666666667,1.1666666666666667,1.1666666666666667,0,1.1666666666666667,1.1666666666666667,1.1666666666666667,1.1666666666666667,1.0,1.0,1.0,1.1666666666666667,1.1666666666666667,1.1666666666666667,1.1666666666666667,1.1666666666666667,1.1666666666666667,1.1666666666666667,1.1666666666666667,1.1666666666666667,1.1666666666666667,1.1666666666666667,1.1666666666666667,0,1.1666666666666667,1.1666666666666667,1.1666666666666667,1.1666666666666667,1.1666666666666667,1.1666666666666667,1.1666666666666667,1.1666666666666667,1.1666666666666667,0,1.1666666666666667,1.1666666666666667,1.1666666666666667,1.3333333333333333,1.1666666666666667,1.1666666666666667,1.1666666666666667,1.1666666666666667,1.1666666666666667,1.1666666666666667,1.1666666666666667,1.3333333333333333,1.3333333333333333,1.3333333333333333,1.3333333333333333,1.3333333333333333,1.1666666666666667,1.1666666666666667,1.1666666666666667,1.1666666666666667,1.1666666666666667,1.1666666666666667,1.1666666666666667,1.0,1.0,1.0,1.0,1.0,1.0,0,1.0,1.0,1.0,1.0,1.0,1.0,1.0,1.0,1.0,1.0,1.0,1.0,1.0,1.0,1.0,1.0,1.0,1.0,1.0,0,1.0,1.0,1.0,1.0,1.0,1.0,1.0,1.0,1.0,0.0,0.6666666666666666,0.6666666666666666,0.6666666666666666,0.6666666666666666,0.8,0.6666666666666666,0.8,0.6666666666666666,0.6666666666666666,0.6666666666666666,0.6666666666666666,0.6666666666666666,0.6,0.6666666666666666,0.6,0.6666666666666666,0.6666666666666666,0.6666666666666666,0.6666666666666666,0.6666666666666666,0.6666666666666666,0.6666666666666666,0.6666666666666666,0.6666666666666666,0.6666666666666666,0.6666666666666666,0.6666666666666666,0.6666666666666666,0.6666666666666666,0,0.6666666666666666,0.6666666666666666,0.6666666666666666,0.6666666666666666,0.6666666666666666,0.6666666666666666,0.6666666666666666,0.6666666666666666,0.5,0.3333333333333333,0.3333333333333333,0.3333333333333333,0.3333333333333333,0.3333333333333333,0.3333333333333333,0.3333333333333333,0.3333333333333333,0.3333333333333333,0.3333333333333333,0,0.16666666666666666,0.16666666666666666,0.16666666666666666,0.16666666666666666,0.16666666666666666,0.16666666666666666,0.16666666666666666,0.16666666666666666,0.16666666666666666,0.25,0.16666666666666666,0.16666666666666666,0.16666666666666666,0.16666666666666666,0.16666666666666666,0.16666666666666666,0.16666666666666666,0.16666666666666666,0.16666666666666666,0.16666666666666666,0.16666666666666666,0.16666666666666666,0.16666666666666666,0.16666666666666666,0.16666666666666666,0.16666666666666666,0.16666666666666666,0.16666666666666666,0.16666666666666666,0.16666666666666666,0.2,0.2,0.16666666666666666,0.16666666666666666,0.16666666666666666,0.16666666666666666,0.16666666666666666,0.16666666666666666,0.16666666666666666,0,0.16666666666666666,0.16666666666666666,0.3333333333333333,0.3333333333333333,0.3333333333333333,0.3333333333333333,0.3333333333333333,0.3333333333333333,0.3333333333333333,0.4,0.3333333333333333,0.3333333333333333,0.3333333333333333,0.3333333333333333,0.3333333333333333,0.3333333333333333,0.3333333333333333,0.3333333333333333,0.3333333333333333,0,0.3333333333333333,0.3333333333333333,0.3333333333333333,0.3333333333333333,0.3333333333333333,0.3333333333333333,0.3333333333333333,0.3333333333333333,0.3333333333333333,0.0,0.3333333333333333,0.3333333333333333,0.3333333333333333,0.3333333333333333,0.3333333333333333,0.4,0.3333333333333333,0.3333333333333333,0.3333333333333333,0.4,0.3333333333333333,0.3333333333333333,0.3333333333333333,0.3333333333333333,0.3333333333333333,0.3333333333333333,0.3333333333333333,0.3333333333333333,0.3333333333333333,0.3333333333333333,0.3333333333333333,0.3333333333333333,0.3333333333333333,0.3333333333333333,0.3333333333333333,0.3333333333333333,0.3333333333333333,0.3333333333333333,0.3333333333333333,0,0.3333333333333333,0.3333333333333333,0.3333333333333333,0.3333333333333333,0.3333333333333333,0.3333333333333333,0.3333333333333333,0.3333333333333333,0.3333333333333333,0.3333333333333333,0.5,0.5,0.5,0.5,0.5,0.5,0.5,0.5,0.5,0,0.5,0.5,0.5,0.5,0.5,0.5,0.5,0.5,0.5,0.3333333333333333,0.5,0.5,0.5,0.5,0.5,0.5,0.5,0.5,0.5,0.5,0.5,0.5,0.5,0.5,0.5,0.5,0.5,0.5,0.5,0.5,0.5,0.5,0.5,0.5,0.5,0.5,0.5,0.5,0.5,0,0.5,0.5,0.5,0.5,0.5,0.5,0.5,0.6666666666666666,0.6666666666666666,0.6666666666666666,0.6666666666666666,0.6666666666666666,0.6666666666666666,0.8333333333333334,0.8333333333333334,0.8333333333333334,0.8333333333333334,0.8333333333333334,0.8333333333333334,0,0.8333333333333334,0.8333333333333334,0.8333333333333334,0.8333333333333334,0.8333333333333334,0.8333333333333334,1.0,0.8333333333333334,0.8333333333333334,1.0,0.8333333333333334,0.8333333333333334,0.8333333333333334,0.8333333333333334,0.8333333333333334,0.8333333333333334,0.8333333333333334,0.8333333333333334,0.8333333333333334,0.8333333333333334,0.8333333333333334,0.8333333333333334,0.8333333333333334,0.8333333333333334,0.8333333333333334,0.8333333333333334,1.0,1.0,1.0,1.0,1.0,1.0,1.0,1.0,1.0,1.0,1.0,1.0,1.0,0,1.0,1.0,1.0,1.0,1.0,1.0,1.0,1.0,1.0,1.0,1.0,1.0,1.0,1.0,0.6,1.1666666666666667,1.1666666666666667,1.1666666666666667,1.1666666666666667,0,1.1666666666666667,1.1666666666666667,1.1666666666666667,1.1666666666666667,1.4,1.1666666666666667,1.1666666666666667,1.1666666666666667,1.1666666666666667,2.0,1.1666666666666667,1.1666666666666667,1.1666666666666667,1.1666666666666667,1.1666666666666667,1.1666666666666667,1.2,1.3333333333333333,1.3333333333333333,1.4,1.1666666666666667,1.2,1.1666666666666667,1.1666666666666667,1.1666666666666667,1.1666666666666667,1.1666666666666667,1.1666666666666667,1.1666666666666667,1.75,1.5,1.5,1.5,1.5,1.5,1.6666666666666667,1.6666666666666667,1.6666666666666667,1.5,0,1.3333333333333333,1.6,1.3333333333333333,1.3333333333333333,1.3333333333333333,1.3333333333333333,1.1666666666666667,1.1666666666666667,1.1666666666666667,1.25,1.1666666666666667,1.3333333333333333,1.3333333333333333,1.3333333333333333,1.1666666666666667,1.1666666666666667,1.1666666666666667,1.1666666666666667,1.1666666666666667,0,1.0,1.0,1.0,1.0,1.0,1.0,1.0,1.0,1.0,0,1.0,1.0,1.0,1.0,1.0,1.0,1.0,1.1666666666666667,1.0,0.75,1.0,1.0,1.0,1.0,1.0,1.0,0.8333333333333334,1.0,1.0,0.75,1.0,1.3333333333333333,1.6666666666666667,1.6666666666666667,1.6666666666666667,1.6666666666666667,1.6666666666666667,1.6666666666666667,1.6666666666666667,0,1.8333333333333333,1.8333333333333333,1.8333333333333333,1.8333333333333333,1.8333333333333333,1.8333333333333333,1.8333333333333333,1.8333333333333333,1.8333333333333333,1.5,1.6666666666666667,1.6666666666666667,1.6666666666666667,1.6666666666666667,1.6666666666666667,1.5,1.5,1.5,1.5,0,1.5,1.5,1.5,1.5,1.5,1.5,1.6666666666666667,1.6666666666666667,2.0,0,2.0,2.0,2.0,2.0,2.1666666666666665,2.1666666666666665,2.1666666666666665,2.1666666666666665,2.0,1.8,2.0,2.0,2.0,2.3333333333333335,2.3333333333333335,2.3333333333333335,2.1666666666666665,2.1666666666666665,2.1666666666666665,2.0,2.0,2.0,2.0,2.0,2.0,2.0,1.8333333333333333,1.8333333333333333,1.8333333333333333,0,1.8333333333333333,1.8333333333333333,1.6666666666666667,1.6666666666666667,1.6666666666666667,1.6666666666666667,1.6666666666666667,1.6666666666666667,1.6666666666666667,1.6666666666666667,1.8333333333333333,1.8333333333333333,1.8333333333333333,1.8333333333333333,1.8333333333333333,1.8333333333333333,1.8333333333333333,2.0,2.0,0,2.0,2.0,2.1666666666666665,2.1666666666666665,2.1666666666666665,2.3333333333333335,2.3333333333333335,2.5,2.5,0,2.5,2.5,2.5,2.6666666666666665,2.8333333333333335,2.6666666666666665,2.8333333333333335,2.8333333333333335,2.8333333333333335,2.8333333333333335,3.0,3.0,2.8333333333333335,2.8333333333333335,2.6666666666666665,2.6666666666666665,2.6666666666666665,2.8333333333333335,2.8333333333333335,2.8333333333333335,2.8333333333333335,2.8333333333333335,2.8333333333333335,2.8333333333333335,2.8333333333333335,2.8333333333333335,2.8333333333333335,3.0,3.0,0,3.0,3.0,3.0,3.0,3.0,3.0,3.0,3.0,3.0,3.0,3.0,3.0,3.0,3.0,3.0,3.0,3.0,3.1666666666666665,3.1666666666666665,0,3.1666666666666665,3.1666666666666665,3.1666666666666665,3.1666666666666665,3.1666666666666665,3.1666666666666665,3.1666666666666665,3.1666666666666665,3.1666666666666665,0,3.0,3.1666666666666665,3.0,3.3333333333333335,3.3333333333333335,3.3333333333333335,3.3333333333333335,3.3333333333333335,3.3333333333333335,3.3333333333333335,3.3333333333333335,3.3333333333333335,3.5,3.5,3.5,3.5,3.4,3.5,3.5,3.4,3.5,3.5,3.5,3.5,3.5,3.6,3.3333333333333335,3.3333333333333335,3.3333333333333335,0,3.3333333333333335,3.3333333333333335,3.3333333333333335,3.3333333333333335,3.3333333333333335,3.3333333333333335,3.3333333333333335,3.3333333333333335,3.3333333333333335,3.2,3.3333333333333335,3.5,3.5,3.5,3.5,3.5,3.5,3.5,3.5,0,3.6666666666666665,3.6666666666666665,3.6666666666666665,3.6666666666666665,3.6666666666666665,3.6666666666666665,3.8333333333333335,3.8333333333333335,3.8,4.0,3.8333333333333335,3.8333333333333335,3.8333333333333335,4.0,4.0,3.6,4.0,4.0,4.0,3.8,4.0,4.0,4.0,4.0,4.0,4.0,4.0,4.0,4.0,3.8,4.0,4.0,4.0,4.0,4.0,4.0,4.0,3.8333333333333335,3.8333333333333335,0,4.0,4.0,4.0,4.166666666666667,4.166666666666667,4.166666666666667,4.166666666666667,4.166666666666667,4.166666666666667,4.2,4.166666666666667,4.166666666666667,4.166666666666667,4.166666666666667,4.166666666666667,4.166666666666667,4.166666666666667,4.166666666666667,4.166666666666667,0,4.166666666666667,4.166666666666667,4.166666666666667,4.166666666666667,4.333333333333333,4.333333333333333,4.333333333333333,4.333333333333333,4.333333333333333,3.5,4.333333333333333,4.333333333333333,4.333333333333333,4.333333333333333,4.333333333333333,4.333333333333333,4.333333333333333,4.333333333333333,4.333333333333333,4.333333333333333,4.333333333333333,4.5,4.833333333333333,5.0,5.166666666666667,5.166666666666667,5.333333333333333,5.333333333333333,5.333333333333333,5.333333333333333,5.166666666666667,5.166666666666667,5.166666666666667,5.166666666666667,5.166666666666667,5.166666666666667,5.166666666666667,5.333333333333333,5.333333333333333,0,5.333333333333333,5.333333333333333,5.5,5.5,5.5,5.5,5.5,5.5,5.5,5.5,5.5,5.5,5.5,5.5,5.5,5.666666666666667,5.666666666666667,5.833333333333333,5.833333333333333,0,5.833333333333333,5.833333333333333,5.833333333333333,5.833333333333333,5.833333333333333,5.833333333333333,5.833333333333333,5.833333333333333,5.833333333333333,5.0,5.833333333333333,5.833333333333333,5.833333333333333,5.833333333333333,5.833333333333333,5.833333333333333,5.833333333333333,5.833333333333333,5.833333333333333,5.833333333333333,5.833333333333333,5.833333333333333,5.833333333333333,5.833333333333333,5.833333333333333,5.833333333333333,5.833333333333333,5.833333333333333,5.833333333333333,5.833333333333333,5.833333333333333,5.6,5.833333333333333,5.833333333333333,5.833333333333333,5.833333333333333,5.833333333333333,5.833333333333333,5.833333333333333,0,5.833333333333333,5.833333333333333,5.833333333333333,5.833333333333333,5.833333333333333,6.0,6.0,6.0,6.0,5.8,6.0,6.0,5.8,6.0,6.0,6.0,6.0,6.0,6.0,0,6.0,6.0,6.0,6.0,6.0,6.0,6.0,6.0,6.0,5.8,6.0,6.0,6.0,6.0,6.0,6.0,6.0,6.0,6.0,5.75,6.0,6.0,6.0,6.0,6.0,6.0,6.0,6.0,6.0,5.8,6.0,6.0,6.0,6.0,6.0,6.0,6.0,6.0,6.0
0,6.4,6.4,6.4,6.4,6.4,6.4,6.4,6.4,6.4,6.333333333333333,6.4,6.4,6.4,6.4,6.4,6.4,6.4,6.4,6.4,0,6.6,6.6,6.6,6.6,6.6,6.6,6.6,6.6,6.6,6.333333333333333,6.75,6.6,6.6,6.25,6.6,6.6,6.6,6.6,6.6,6.75,6.6,6.6,6.6,6.6,6.6,7.25,6.6,6.6,6.6,6.75,6.75,6.6,6.6,6.6,6.6,6.6,6.6,6.6,6.6,7.5,6.6,6.6,6.6,6.6,6.6,6.6,6.6,6.6,6.6,6.75,6.6,6.6,6.0,6.0,6.8,6.8,6.8,6.8,6.8,0,6.8,6.8,7.0,6.8,6.0,6.8,7.0,6.8,7.0,6.8,6.8,6.8,6.8,6.8,6.8,6.8,6.8,6.8,6.8,6.8,6.8,6.8,6.8,6.8,6.8,6.0,6.8,6.8,6.8,6.8,6.8,6.8,6.8,6.8,6.0,6.8,6.8,6.8,6.8,0,6.8,6.8,6.8,6.0,6.8,6.8,6.8,6.8,6.8,6.8,6.8,6.8,6.8,6.8,6.8,7.0,6.8,6.8,6.8,0,6.8,6.8,6.8,6.8,6.8,6.8,6.8,6.8,6.8,6.8,6.8,6.8,6.8,6.8,6.8,6.8,6.8,6.8,6.8,6.8,6.8,6.8,6.8,6.8,6.8,6.8,6.8,6.8,6.8,6.8,6.8,6.8,6.8,6.8,6.8,6.8,6.8,6.8,6.8,6.8,6.0,6.0,6.8,6.0,6.8,6.8,6.8,7.0,6.8,6.8,6.8,6.8,6.8,6.8,6.5,6.8,6.8,6.8,6.8,0,6.8,6.8,6.8,6.8,6.8,6.8,6.8,6.8,6.8,6.5,6.8,6.8,6.5,6.8,6.8,6.8,6.5,6.8,6.8,6.5,6.8,6.8,6.8,6.8,6.8,6.8,6.8,6.8,6.5,6.8,6.8,6.8,6.8,6.8,6.8,6.8,6.8,6.8,6.8,7.333333333333333,6.8,7.0,7.0,7.0,7.0,7.25,7.0,7.0,7.0,6.666666666666667,7.0,7.0,7.0,7.0,7.0,7.0,7.0,7.0,7.0,0,7.0,7.0,7.0,7.0,7.0,7.0,7.0,7.0,7.0,6.666666666666667,7.0,7.0,7.0,7.0,7.0,7.0,7.0,7.0,7.0,6.666666666666667,7.0,7.0,7.0,7.0,7.0,7.0,7.0,7.0,7.0,6.666666666666667,7.0,7.0,7.0,7.0,7.0,7.0,7.0,6.5,6.8,8.0,6.8,6.8,6.8,6.8,6.8,6.8,6.8,6.8,6.8,7.0,6.8,6.8,6.8,6.8,6.8,6.8,6.8,6.8,6.8,0,6.8,6.6,6.6,6.6,6.6,6.6,6.6,6.6,6.6,6.75,6.6,6.6,6.6,6.6,6.6,6.6,6.6,6.6,6.6,6.75,6.6,6.6,6.6,6.6,6.6,6.6,6.6,6.6,6.6,6.75,6.6,6.6,6.6,6.6,6.6,6.6,6.6,6.6,6.6,6.6,6.4,6.4,6.4,6.4,6.4,6.4,5.5,6.4,5.5,6.4,6.4,5.25,6.2,6.2,5.25,6.2,5.25,6.5,6.2,0,6.2,6.4,6.4,6.4,6.4,6.4,6.4,6.4,6.4,6.4,6.4,6.4,6.4,6.4,6.4,6.4,6.4,6.4,6.6,6.6,6.6,6.6,6.6,6.6,6.6,6.6,6.6,6.6,6.6,6.6,6.6,6.6,6.6,6.6,6.6,6.6,6.6,6.6,6.6,8.0,6.6,6.6,6.6,6.4,5.5,6.4,6.4,6.4,6.4,6.2,6.2,6.2,6.0,6.2,6.2,6.2,6.2,6.4,6.2,0,6.2,6.2,6.2,6.2,6.0,6.0,6.0,5.8,5.8,7.0,5.8,5.8,5.8,5.8,5.8,5.8,5.8,5.8,5.8,5.8,5.8,5.8,5.25,5.8,5.8,6.0,6.0,6.0,6.0,5.5,5.6,5.6,5.6,5.25,6.0,5.4,5.4,5.4,4.8,0,4.8,4.8,4.6,4.6,4.6,4.6,4.6,4.6,4.6,4.25,4.6,4.6,4.6,4.6,4.6,4.25,4.6,4.6,4.6,0,4.6,4.6,4.6,4.25,4.6,4.6,4.75,4.6,4.6,8.0,4.6,4.4,4.4,4.4,4.0,4.2,4.2,4.2,4.2,4.333333333333333,4.0,4.0,4.0,4.0,3.75,4.0,4.0,5.0,4.0,4.333333333333333,5.0,4.0,4.0,3.75,4.0,4.2,4.2,4.2,4.0,0,4.75,4.2,4.2,4.2,4.2,4.4,4.2,4.2,4.2,4.0,4.2,3.5,4.0,5.0,4.0,4.2,4.2,4.2,4.2,0,4.0,4.0,4.0,4.0,4.0,4.0,4.0,4.2,4.2,8.0,4.2,4.4,4.4,4.4,4.2,4.4,4.4,5.0,4.4,5.5,4.4,4.4,4.4,5.0,4.4,4.4,4.4,5.0,4.4,5.5,4.4,4.4,4.2,4.2,4.2,4.2,4.2,4.2,4.2,0,4.2,4.4,4.6,4.4,4.4,4.4,4.4,4.4,4.4,5.25,4.4,4.4,4.4,4.4,4.4,4.4,4.4,4.4,4.4,0,4.4,4.4,4.4,4.2,4.2,4.0,4.0,4.0,4.0,0,4.0,4.0,3.8,3.8,3.8,3.8,4.0,4.0,3.8,4.0,4.0,4.0,4.0,4.0,4.0,4.0,4.0,4.0,3.8,4.0,2.75,4.2,4.0,4.0,4.0,4.0,4.0,4.2,4.4,0,4.4,4.4,4.6,4.6,4.4,4.4,4.4,4.4,4.4,4.4,4.4,4.6,4.6,4.6,4.6,4.6,4.6,4.6,4.8,0,4.8,4.8,4.8,4.8,4.8,4.6,5.25,5.25,5.25,0,5.25,5.75,5.0,5.5,4.75,4.4,4.2,4.2,4.2,4.75,4.2,4.2,4.2,4.0,4.0,4.0,4.0,4.0,4.0,3.8,4.0,4.0,4.0,4.0,4.0,3.8,3.8,3.8,3.8,0,4.25,4.0,4.0,4.0,4.0,4.0,4.0,4.0,4.0,4.0,4.0,4.0,4.2,4.2,4.0,3.25,4.0,4.0,4.0,0,4.0,4.0,3.8,3.8,4.2,4.2,4.2,4.4,4.4,0,4.6,4.6,4.6,4.6,4.6,4.6,4.6,4.6,4.2,3.25,4.2,4.0,4.0,3.8,3.8,3.8,3.8,3.8,4.0,3.0,3.8,3.6,3.6,2.75,3.6,3.8,4.25,4.0,4.0,0,4.25,3.8,3.6,3.6,3.6,3.75,3.6,3.75,3.4,2.3333333333333335,3.2,3.2,3.25,3.2,3.2,3.25,3.2,3.2,3.2,0,2.8,3.6666666666666665,2.8,3.0,2.6,2.6,2.6,2.6,2.4,0,2.6,2.6,2.8,2.6,2.6,2.6,2.6,2.2,2.2,2.0,2.0,2.0,2.25,2.0,2.0,2.0,1.8,1.8,1.8,2.3333333333333335,2.2,2.2,2.2,2.2,2.2,2.0,1.8,1.8,1.8,0,1.8,1.8,1.8,1.8,1.8,2.0,1.8,1.8,2.0,2.0,1.6,1.6,1.6,1.6,1.6,1.6,1.6,1.6,1.6,0,1.8,2.0,2.0,2.0,2.0,2.0,2.0,2.0,2.0,1.0,2.0,2.0,2.0,2.0,2.0,2.0,2.0,2.2,2.0,2.25,1.8,1.8,1.8,2.25,2.25,1.8,1.8,1.8,1.8,2.25,1.8,1.8,1.8,1.8,1.8,1.8,1.8,1.8,1.8,0,1.8,1.8,1.8,1.8,1.8,1.8,1.8,1.8,1.8,1.8,1.8,1.8,1.8,1.8,1.8,1.8,1.8,1.8,1.8,0,1.8,1.8,1.8,1.8,1.6,1.6,1.4,1.4,1.4,0,1.4,1.4,1.4,1.4,1.4,1.4,1.4,1.4,1.4,1.4,1.4,1.4,1.4,1.4,1.4,1.4,1.4,1.4,1.4,1.5,1.4,1.4,1.4,1.4,1.4,1.4,1.4,1.4,1.4,0,1.2,1.2,1.2,1.0,1.2,1.4,1.4,1.4,1.4,1.4,1.4,1.4,1.2,1.2,1.2,1.2,1.2,1.2,1.2,0,1.2,1.2,1.2,1.2,1.4,1.4,1.4,1.4,1.6,0,1.8,1.8,1.8,1.8,1.8,1.8,2.0,2.2,2.2,2.2,2.0,2.0,2.0,2.0,2.0,2.0,2.0,2.0,2.0,1.3333333333333333,1.8,1.8,2.0,2.0,2.0,2.0,2.0,2.0,2.0,0,2.0,1.8,1.8,1.8,1.8,1.8,1.5,1.5,1.8,1.5,1.8,1.8,1.8,1.8,1.8,2.0,2.0,2.0,2.0,0,2.0,2.0,2.0,2.2,2.2,2.2,2.75,2.0,1.8,0,2.25,1.8,2.0,1.8,1.8,1.8,1.8,2.0,2.0,2.0,2.0,2.2,2.2,2.2,2.2,1.75,2.2,2.2,2.2,2.0,2.2,2.2,2.4,2.4,2.4,2.2,2.0,2.0,2.0,0,1.8,2.0,2.0,2.0,2.0,2.0,2.0,2.0,2.0,2.0,2.0,2.2,2.2,2.2,2.4,2.4,2.4,2.6,2.8,0,2.8,2.8,2.8,2.8,2.8,2.8,2.8,2.8,2.8,0,2.6,2.6,2.6,2.6,2.6,2.4,2.4,2.4,2.6,2.75,2.6,2.6,2.6,2.6,2.6,2.6,2.6,2.6,2.6,2.75,2.6,2.6,2.6,2.6,2.6,2.6,2.6,2.8,2.8,0,2.8,2.8,2.8,2.8,2.8,2.8,2.8,2.8,2.8,3.0,2.8,2.8,2.8,2.8,2.8,2.6,2.6,2.6,2.6,0,2.6,2.8,2.8,2.8,2.8,3.2,3.2,3.2,3.2,3.0,3.2,3.2,3.2,3.2,3.2,3.2,3.4,3.4,3.4,3.4,3.4,3.4,3.4,3.4,3.4,3.4,3.4,3.4,3.4,3.4,3.4,3.4,3.4,3.4,3.4,3.4,3.4,3.4,3.4,0,3.4,3.4,3.4,3.4,2.5,3.6,3.6,3.6,3.6,3.6,3.6,3.8,3.8,3.6,3.6,3.6,3.6,3.6,3.6,0,3.6,3.6,3.8,3.8,3.8,3.6,3.6,3.6,3.6,3.0,3.6,3.6,3.8,3.8,3.8,3.8,3.8,3.8,3.8,2.25,3.8,3.8,3.6,3.4,3.4,3.4,3.4,3.4,3.4,3.8,3.8,3.8,3.8,3.8,3.8,3.8,3.8,3.8,3.8,0,3.8,3.8,3.8,3.8,3.8,3.8,3.6,3.6,3.6,3.8,3.8,3.8,3.8,3.8,3.8,3.8,3.6,3.6,3.6,0,3.25,3.6,3.6,3.6,3.6,3.4,3.2,3.2,3.2,2.5,3.2,3.4,3.6,3.6,3.6,3.6,3.6,3.6,3.6,3.25,3.8,3.8,3.8,3.8,3.8,3.8,3.8,3.8,3.8,4.333333333333333,3.8,4.0,4.0,4.0,4.0,4.0,4.0,4.6,4.6,0,4.6,4.6,4.6,4.6,4.6,4.6,4.6,4.6,4.6,4.5,4.6,4.6,4.6,4.6,4.6,5.25,4.6,5.0,4.6,0,4.6,4.6,4.6,4.6,4.6,4.6,4.6,4.6,4.6,5.0,4.6,4.6,4.6,4.6,4.6,4.6,4.6,4.6,4.6,5.0,4.6,4.6,4.6,4.6,4.6,4.6,4.6,4.6,4.6,5.0,4.6,4.6,4.6,4.6,4.6,4.6,4.6,4.6,4.6,0,4.6,4.6,4.6,4.6,4.6,4.6,4.6,4.6,4.6,5.0,4.6,4.6,4.6,4.6,4.6,4.6,4.8,4.8,4.8,0,5.0,5.0,5.0,5.0,5.0,5.0,5.0,5.0,5.0,5.5,5.0,5.0,5.0,5.0,5.0,5.0,5.0,5.0,5.0,5.5,5.0,5.0,5.0,5.0,5.0,5.0,5.0,5.0,5.0,5.5,5.0,5.0,5.0,5.0,5.0,5.0,5.0,5.0,5.0
0,5.2,5.2,5.2,5.2,5.2,5.2,5.2,5.2,5.2,5.2,5.2,5.2,5.2,5.2,5.2,5.2,5.2,5.2,5.2,0,5.2,3.25,5.2,5.75,5.2,5.2,5.2,5.2,5.2,5.2,5.2,5.2,5.2,5.2,5.2,5.0,5.2,5.2,5.2,5.0,5.2,5.2,5.2,5.2,5.2,5.2,5.2,5.2,5.2,5.0,5.2,5.2,5.2,5.2,5.2,5.2,5.2,5.2,5.2,5.0,5.2,5.2,5.2,5.2,5.2,5.2,5.4,5.4,5.4,5.25,5.4,5.4,5.4,5.4,5.4,5.4,5.4,5.4,5.4,0,5.4,5.4,5.4,3.5,5.4,5.4,5.4,5.4,5.4,5.25,5.4,5.4,5.4,5.4,5.4,5.4,5.4,5.4,5.4,5.25,5.4,5.4,5.4,5.4,5.4,5.4,5.4,5.4,5.4,5.25,5.4,5.4,5.4,5.4,5.4,5.4,5.4,5.4,5.4,0,5.4,5.4,5.4,6.0,5.4,5.4,5.4,5.4,5.4,5.25,5.4,5.4,5.4,5.4,5.4,5.4,5.4,5.4,5.4,0,5.4,5.4,5.4,5.4,5.4,5.4,5.4,5.4,5.4,5.4,5.4,5.4,5.4,5.4,5.4,5.4,5.4,5.4,5.4,5.4,5.4,5.4,5.4,5.4,5.4,5.4,5.4,5.4,5.4,5.4,5.4,5.4,5.4,5.4,5.4,5.4,5.6,5.6,5.6,5.6,6.5,6.25,5.6,5.6,5.6,5.6,5.6,5.6,5.6,6.25,5.6,5.6,5.6,5.6,5.6,5.6,5.6,5.6,5.6,0,5.6,5.6,5.6,5.6,5.6,5.6,5.6,5.6,5.6,6.25,6.5,5.6,5.6,5.6,5.6,5.6,5.6,5.6,5.6,6.25,5.6,5.6,5.6,5.6,5.6,5.6,5.6,5.6,5.6,6.25,5.6,5.6,5.6,5.6,5.6,5.6,5.6,5.5,5.6,6.333333333333333,5.6,5.6,5.6,5.6,5.6,5.6,5.6,5.6,5.6,6.333333333333333,5.6,5.6,5.6,5.6,5.5,5.6,5.6,5.6,5.6,0,5.6,5.6,5.6,5.6,5.6,5.5,5.6,5.6,5.6,5.6,5.5,5.6,5.5,5.6,5.6,5.6,5.5,5.6,5.6,5.6,5.6,5.6,5.6,5.6,5.6,5.6,3.0,5.6,5.6,5.5,5.6,5.6,5.6,5.6,5.25,5.4,5.4,5.4,5.4,5.4,5.4,5.25,5.4,5.4,5.4,5.4,5.4,5.4,5.6,5.6,5.6,5.6,5.6,5.6,5.6,5.6,5.6,5.6,5.6,0,5.6,5.6,5.6,5.6,5.6,5.4,5.4,5.4,5.4,5.4,5.4,5.4,5.4,5.4,5.4,5.4,5.4,5.4,5.4,5.4,5.25,5.2,5.2,5.2,5.2,5.2,5.2,5.2,5.0,5.0,5.0,5.0,5.0,5.0,5.0,4.6,4.6,4.4,4.2,4.2,4.0,4.0,4.0,4.0,4.0,4.0,4.0,4.25,4.0,4.0,4.0,4.0,4.0,4.0,4.0,4.0,4.0,4.0,4.0,0,4.2,4.2,4.4,4.4,4.4,4.4,4.4,4.4,4.4,2.5,4.4,4.4,4.4,4.4,4.4,4.4,4.4,4.4,4.4,4.4,4.4,4.4,4.4,4.4,4.4,4.4,4.4,4.4,4.4,4.4,4.2,4.2,4.2,4.2,4.2,4.2,4.2,4.2,4.2,2.5,4.2,4.2,4.2,4.2,4.2,4.2,4.2,4.2,4.2,4.2,4.2,4.2,4.2,4.2,4.2,4.2,4.2,4.2,4.2,0,4.2,4.2,4.0,4.0,4.0,4.0,4.0,4.0,4.0,4.0,4.0,4.0,4.0,4.0,4.75,4.0,4.0,4.0,4.0,4.75,3.8,3.8,3.8,3.8,3.8,3.8,3.8,3.8,3.8,4.75,3.8,3.8,3.8,3.8,3.8,3.8,3.8,3.8,3.8,0,4.0,3.8,3.8,3.8,4.5,3.8,3.8,3.8,3.6,3.6,3.6,3.6,3.6,3.6,3.6,3.6,3.6,3.6,3.6,0,3.6,3.6,3.6,3.6,3.6,3.4,3.4,3.4,3.4,2.0,3.6,3.6,3.6,3.6,3.6,3.6,3.6,3.6,3.6,4.25,3.4,3.4,3.4,3.4,3.4,3.4,3.4,3.4,3.4,4.25,3.4,3.4,3.4,3.4,3.4,3.4,3.4,3.4,3.4,0,3.4,3.8,3.8,3.8,3.8,3.8,3.8,3.8,3.8,3.8,4.0,4.0,3.75,4.0,4.0,4.0,4.0,3.8,3.8,0,3.8,3.8,3.8,3.8,3.8,3.8,3.8,2.0,3.6,0,3.6,3.4,3.4,3.4,3.4,3.4,3.4,3.4,3.4,3.4,3.4,3.4,3.4,3.4,3.6,3.6,3.6,3.8,4.0,4.0,4.0,4.0,3.8,3.8,3.8,3.8,3.8,3.8,3.8,0,2.0,3.8,3.8,3.8,3.8,3.8,4.25,3.8,3.8,3.8,3.8,3.8,3.8,3.8,3.8,3.8,3.8,3.8,3.8,0,3.6,3.6,3.6,3.4,3.4,3.4,3.4,3.4,3.4,0,3.4,3.0,3.0,3.0,3.0,3.0,3.0,3.0,3.0,3.0,3.0,3.0,3.0,3.0,3.0,3.0,3.0,3.0,3.0,3.0,3.0,3.0,3.0,3.0,3.0,3.0,3.0,3.0,3.0,0,3.0,3.2,3.2,3.2,3.2,3.2,3.0,3.0,3.0,3.0,3.0,3.0,3.0,3.0,3.0,3.0,3.0,3.0,3.0,0,3.75,3.0,3.0,3.0,3.0,3.0,3.0,3.0,3.0,0,3.0,3.0,3.0,3.0,3.0,2.6,2.6,2.6,2.6,3.25,2.6,2.6,2.6,2.6,2.6,2.4,2.2,2.2,2.2,2.75,2.2,2.2,2.2,2.2,2.2,2.2,2.2,2.2,2.2,0,2.4,2.4,2.4,2.4,2.4,2.4,2.4,2.4,2.4,2.75,2.6,2.6,2.6,2.6,2.6,2.6,2.6,2.6,2.6,0,2.6,2.6,2.6,2.6,2.6,2.6,2.75,3.0,2.6,0,2.6,2.6,3.0,2.6,2.6,2.6,2.6,2.6,2.6,3.0,2.6,2.6,2.6,2.6,2.6,2.8,2.6,2.6,2.6,3.0,2.6,2.6,2.4,2.4,2.4,2.2,2.0,2.0,1.8,0,1.4,1.4,1.4,1.4,1.6,1.6,1.6,1.6,1.6,2.3333333333333335,1.8,1.6,1.6,1.6,1.6,1.6,1.6,1.4,1.4,0,1.2,1.2,1.2,1.2,1.2,1.2,1.2,1.2,1.2,0,1.2,1.2,1.2,1.2,1.2,1.2,1.2,1.2,1.2,1.25,1.2,1.2,1.0,1.0,1.0,1.0,1.0,1.0,1.0,1.25,1.0,1.0,1.0,1.0,1.0,1.0,1.2,1.2,1.2,0,1.2,1.2,1.2,1.2,1.2,1.2,1.2,1.2,1.2,1.5,1.2,1.2,1.2,1.2,1.2,1.2,1.2,1.2,1.2,0,1.2,1.2,1.2,1.2,1.2,1.2,1.2,1.2,1.2,0,1.2,1.2,1.2,1.2,1.2,1.2,1.2,1.2,1.2,1.2,1.2,1.2,1.2,1.2,1.2,1.2,1.2,1.2,1.2,1.2,1.2,1.2,1.2,1.2,1.2,1.2,1.4,1.4,1.4,0,1.4,1.4,1.4,1.4,1.4,1.4,1.4,1.4,1.4,1.2,1.2,1.2,1.2,1.2,1.2,1.0,1.0,1.0,1.0,0,1.0,1.0,1.0,1.25,1.0,1.0,1.25,1.0,1.0,0,1.0,1.0,1.0,1.0,1.2,1.2,1.2,1.2,1.2,1.0,1.2,1.25,1.0,1.0,1.0,1.0,1.0,1.0,1.0,1.0,1.0,1.0,1.2,1.2,1.2,1.2,1.2,1.2,1.2,0,1.2,1.4,1.4,1.4,1.2,1.2,1.2,1.4,1.4,1.25,1.4,1.4,1.6,1.6,1.6,1.6,1.6,1.6,1.6,0,1.6,1.6,1.6,1.6,1.6,1.6,1.6,1.6,1.6,0,1.6,1.6,1.6,1.6,1.6,1.6,1.6,1.6,1.6,1.25,1.6,2.0,1.4,1.4,1.4,1.4,1.4,1.4,1.2,1.3333333333333333,1.2,1.2,1.2,1.2,1.2,1.2,1.4,1.6,1.6,0,1.6,1.6,1.6,1.6,1.6,1.6,1.6,1.6,1.6,2.0,1.6,1.6,1.6,1.6,1.6,1.6,1.6,1.6,1.6,0,1.8,1.8,1.8,1.8,1.8,1.8,1.8,1.8,1.8,0,1.8,1.8,2.0,2.0,2.0,2.0,2.0,2.0,2.0,2.5,2.0,2.0,2.0,2.0,2.0,2.0,2.0,2.0,2.2,2.75,2.4,2.4,2.4,2.2,2.2,2.2,2.2,2.2,2.2,0,2.2,2.2,2.2,2.2,2.2,2.2,2.2,2.2,2.2,2.5,1.8,2.0,2.0,2.0,2.0,2.0,2.2,2.2,2.2,0,2.0,2.0,2.0,2.0,2.0,2.0,2.0,2.0,2.0,2.0,1.8,1.8,1.8,1.8,1.8,2.0,2.0,2.0,2.2,2.2,2.2,2.2,2.2,2.2,2.2,2.2,2.2,2.2,2.2,2.2,2.2,2.2,2.25,2.2,2.2,2.25,2.2,2.2,2.2,0,2.2,2.2,2.2,2.2,2.2,2.0,2.0,2.0,2.0,2.0,2.0,2.0,2.0,2.0,2.0,2.0,2.0,2.0,2.0,0,2.0,2.0,2.0,2.0,2.0,2.0,2.0,2.0,2.0,2.0,2.0,2.0,2.0,2.2,2.2,2.2,2.2,2.2,2.2,2.3333333333333335,2.4,2.4,2.4,2.6,2.6,2.6,2.6,2.4,2.4,2.6666666666666665,2.4,2.4,2.4,2.4,2.4,2.4,2.4,2.4,2.2,0,2.4,2.4,2.6,2.6,2.6,2.6,2.6,2.6,2.6,2.3333333333333335,2.6,2.6,2.6,2.6,2.6,2.6,2.6,2.6,2.6,0,2.6,2.6,2.6,2.6,2.6,2.6,2.6,2.6,2.6,2.0,2.6,2.6,2.6,2.6,2.6,2.8,2.8,2.8,2.8,2.6666666666666665,3.0,3.0,3.0,3.0,3.0,3.0,3.0,3.4,3.4,2.6666666666666665,3.4,3.4,3.4,3.4,3.4,3.4,3.5,3.4,3.4,0,3.4,3.75,3.4,3.4,3.4,3.4,3.4,3.4,3.6,3.75,4.0,3.6,3.6,3.6,3.6,3.6,3.6,3.6,3.6,0,3.6,3.6,3.6,3.6,3.6,3.6,3.6,3.6,3.8,4.0,3.8,3.8,4.0,4.2,4.2,4.4,4.6,4.6,4.6,5.0,4.6,4.6,4.6,4.6,4.6,4.6,4.6,4.6,4.6,5.0,4.6,4.6,4.6,4.8,4.8,4.8,4.8,4.8,4.8,0,4.8,4.8,4.8,4.8,4.8,4.5,4.8,4.8,4.8,5.25,4.8,4.8,4.8,4.8,4.8,4.8,4.8,4.8,4.8,0,4.8,4.8,4.8,4.8,4.8,4.8,4.8,5.0,5.0,5.5,5.5,5.0,5.0,5.0,5.0,5.0,5.0,5.0,5.0,5.0,5.2,5.2,5.2,5.2,5.2,5.2,5.2,5.2,5.2,5.2,5.2,5.2,5.2,5.2,5.2,5.2,5.2,5.2,5.2,3.0,5.2,5.2,5.2,5.2,5.4,5.4,5.6,5.6,5.6,5.6,5.6,5.6,5.6,5.6,5.6,5.6,5.6,5.6,5.6,0,5.6,5.6,5.6,5.6,5.6,5.6,5.666666666666667,5.666666666666667,5.666666666666667,5.666666666666667,5.833333333333333,5.833333333333333,5.833333333333333,5.833333333333333,5.833333333333333,5.833333333333333,5.833333333333333,5.833333333333333,5.833333333333333,5.833333333333333,5.833333333333333,5.833333333333333,5.833333333333333,5.2,5.833333333333333,5.833333333333333,5.833333333333333,5.6,5.833333333333333,5.2,5.833333333333333,5.833333333333333,5.833333333333333,5.833333333333333,5.833333333333333,6.0,6.0,6.0,6.0
