13.0,13.0,13.0,13.0,13.0,13.0,13.0,12.833333333333334,12.833333333333334,12.833333333333334,9.666666666666666,12.833333333333334,12.833333333333334,12.833333333333334,13.333333333333334,13.166666666666666,13.166666666666666,13.166666666666666,13.166666666666666,13.5,0,13.5,13.333333333333334,12.2,13.666666666666666,13.666666666666666,13.833333333333334,13.5,13.166666666666666,13.166666666666666,13.25,11.8,13.166666666666666,13.166666666666666,13.166666666666666,13.0,13.0,12.8,11.8,13.0,12.25,13.666666666666666,13.666666666666666,13.666666666666666,13.666666666666666,13.666666666666666,13.666666666666666,13.666666666666666,13.666666666666666,13.666666666666666,11.0,13.666666666666666,13.666666666666666,13.5,13.5,13.5,13.5,13.5,13.5,13.333333333333334,13.0,13.5,12.0,13.333333333333334,13.5,13.5,13.8,13.833333333333334,13.833333333333334,14.0,12.25,14.0,15.0,14.0,14.0,14.0,14.0,14.166666666666666,14.166666666666666,14.166666666666666,0,14.166666666666666,14.166666666666666,14.166666666666666,14.166666666666666,14.166666666666666,14.166666666666666,14.166666666666666,14.166666666666666,14.166666666666666,15.75,14.166666666666666,14.333333333333334,14.166666666666666,14.166666666666666,14.166666666666666,14.166666666666666,14.166666666666666,14.166666666666666,14.166666666666666,15.0,14.166666666666666,14.166666666666666,14.333333333333334,14.333333333333334,14.333333333333334,14.333333333333334,14.333333333333334,14.333333333333334,14.333333333333334,15.2,14.333333333333334,14.333333333333334,14.333333333333334,14.333333333333334,14.333333333333334,14.333333333333334,14.333333333333334,14.333333333333334,14.333333333333334,0,14.5,14.5,14.5,14.5,14.5,14.5,14.5,14.0,14.5,15.4,14.5,14.5,14.5,14.5,14.5,14.333333333333334,14.333333333333334,14.333333333333334,14.333333333333334,0,14.333333333333334,14.333333333333334,14.5,14.5,14.666666666666666,14.666666666666666,14.666666666666666,14.666666666666666,14.666666666666666,15.6,14.666666666666666,14.666666666666666,14.666666666666666,14.666666666666666,14.666666666666666,14.666666666666666,14.666666666666666,14.666666666666666,14.666666666666666,15.6,14.666666666666666,14.666666666666666,14.666666666666666,14.833333333333334,14.833333333333334,14.833333333333334,14.833333333333334,14.833333333333334,14.833333333333334,15.8,14.833333333333334,14.833333333333334,14.833333333333334,14.833333333333334,14.833333333333334,14.833333333333334,14.833333333333334,14.833333333333334,14.833333333333334,14.4,13.833333333333334,13.833333333333334,13.833333333333334,13.833333333333334,13.833333333333334,13.833333333333334,13.833333333333334,13.666666666666666,13.666666666666666,13.666666666666666,13.666666666666666,13.666666666666666,13.666666666666666,13.666666666666666,13.666666666666666,13.666666666666666,13.666666666666666,13.666666666666666,13.5,0,13.5,13.5,13.5,13.5,13.5,13.5,13.5,13.5,13.5,13.0,13.5,13.5,13.5,13.5,13.5,13.5,13.5,13.5,13.5,14.0,13.5,13.5,13.5,13.5,13.5,13.5,13.5,13.5,13.5,13.0,13.5,13.5,13.5,13.5,13.5,13.5,13.5,13.666666666666666,13.833333333333334,14.25,13.833333333333334,13.833333333333334,13.666666666666666,13.666666666666666,13.666666666666666,13.666666666666666,13.666666666666666,13.666666666666666,13.666666666666666,13.0,13.666666666666666,13.666666666666666,13.5,13.5,13.5,13.5,13.666666666666666,13.666666666666666,13.666666666666666,0,13.666666666666666,13.6,13.2,13.666666666666666,13.666666666666666,13.833333333333334,13.833333333333334,13.833333333333334,13.833333333333334,13.0,13.833333333333334,13.833333333333334,13.833333333333334,13.833333333333334,14.0,14.0,14.0,14.0,14.0,13.25,14.0,14.0,14.0,14.0,14.0,14.0,13.833333333333334,13.666666666666666,13.0,13.0,12.833333333333334,12.833333333333334,12.833333333333334,12.833333333333334,12.833333333333334,12.666666666666666,12.833333333333334,12.833333333333334,12.833333333333334,12.8,12.833333333333334,12.833333333333334,12.0,12.833333333333334,12.833333333333334,12.833333333333334,12.833333333333334,12.833333333333334,12.833333333333334,12.8,12.833333333333334,13.0,13.0,13.0,12.833333333333334,12.833333333333334,12.833333333333334,12.833333333333334,12.833333333333334,0,12.833333333333334,12.833333333333334,12.2,13.0,12.833333333333334,12.833333333333334,12.833333333333334,12.833333333333334,12.833333333333334,13.75,13.0,13.0,13.0,13.0,13.0,13.0,13.0,13.0,13.0,14.0,13.0,13.0,13.166666666666666,13.166666666666666,13.0,13.0,13.0,13.0,13.0,14.0,13.0,13.0,13.0,13.166666666666666,13.166666666666666,13.0,13.0,12.833333333333334,12.5,13.75,12.333333333333334,12.166666666666666,12.166666666666666,12.166666666666666,12.166666666666666,12.0,12.0,12.0,12.0,12.0,12.0,11.833333333333334,11.6,11.666666666666666,11.5,11.333333333333334,11.333333333333334,11.333333333333334,11.166666666666666,0,11.166666666666666,11.333333333333334,11.333333333333334,11.333333333333334,11.333333333333334,11.333333333333334,11.333333333333334,11.333333333333334,11.333333333333334,11.75,11.333333333333334,11.333333333333334,11.333333333333334,11.333333333333334,11.333333333333334,11.333333333333334,11.166666666666666,11.166666666666666,11.166666666666666,11.5,11.0,11.0,10.833333333333334,10.5,10.5,10.5,10.5,10.5,10.5,10.75,10.5,10.5,10.5,10.5,10.5,10.5,10.166666666666666,10.0,10.0,7.0,10.0,9.833333333333334,9.5,9.333333333333334,9.5,9.5,9.333333333333334,9.5,9.666666666666666,10.25,9.833333333333334,10.0,10.833333333333334,10.833333333333334,10.833333333333334,11.166666666666666,11.166666666666666,11.333333333333334,11.5,0,10.666666666666666,10.5,10.5,10.833333333333334,10.666666666666666,10.333333333333334,10.333333333333334,10.333333333333334,10.166666666666666,7.0,10.0,9.833333333333334,9.0,9.166666666666666,8.833333333333334,8.166666666666666,8.166666666666666,8.166666666666666,8.166666666666666,8.333333333333334,8.333333333333334,8.333333333333334,8.666666666666666,8.333333333333334,8.833333333333334,8.666666666666666,8.833333333333334,8.666666666666666,8.5,9.333333333333334,9.0,9.0,9.5,9.333333333333334,9.333333333333334,9.666666666666666,9.333333333333334,9.666666666666666,9.333333333333334,0,9.166666666666666,9.166666666666666,9.166666666666666,9.166666666666666,9.5,9.0,9.0,8.833333333333334,8.666666666666666,8.0,8.666666666666666,8.666666666666666,8.5,8.166666666666666,8.333333333333334,8.5,8.333333333333334,8.333333333333334,8.0,0,8.166666666666666,8.0,8.5,8.666666666666666,8.5,8.333333333333334,8.5,8.833333333333334,9.0,5.0,10.4,8.666666666666666,8.166666666666666,8.0,8.333333333333334,8.5,8.5,8.166666666666666,7.833333333333333,8.75,7.5,7.166666666666667,7.5,7.833333333333333,7.833333333333333,7.5,9.2,8.0,8.0,9.0,11.0,9.666666666666666,9.833333333333334,10.333333333333334,10.333333333333334,10.0,10.833333333333334,10.666666666666666,10.666666666666666,0,10.333333333333334,9.833333333333334,10.0,10.0,10.333333333333334,10.0,9.666666666666666,9.666666666666666,9.0,9.0,10.6,9.833333333333334,9.666666666666666,10.0,10.0,9.833333333333334,9.666666666666666,10.0,9.166666666666666,0,8.666666666666666,8.0,7.666666666666667,7.5,8.4,7.333333333333333,8.166666666666666,9.0,7.666666666666667,2.0,9.0,7.666666666666667,8.8,7.5,7.5,7.5,8.8,7.0,6.833333333333333,8.0,9.4,7.833333333333333,7.666666666666667,6.6,8.0,8.5,8.166666666666666,8.6,8.166666666666666,12.0,7.6,9.4,9.5,9.333333333333334,9.333333333333334,10.2,9.333333333333334,8.833333333333334,9.166666666666666,0,10.0,9.666666666666666,8.4,10.6,10.0,10.0,10.4,5.25,9.166666666666666,3.5,8.666666666666666,8.166666666666666,6.8,6.6,6.6,8.25,6.2,6.2,6.2,0,6.0,5.6,5.2,5.2,5.4,7.0,5.0,4.8,6.5,5.0,6.166666666666667,4.8,7.2,6.0,6.0,7.2,6.166666666666667,7.4,5.833333333333333,6.0,5.666666666666667,5.666666666666667,4.6,5.333333333333333,5.0,4.833333333333333,4.833333333333333,4.833333333333333,4.333333333333333,3.75,4.166666666666667,4.166666666666667,4.333333333333333,4.5,4.5,4.333333333333333,4.5,4.333333333333333,4.166666666666667,0,4.166666666666667,4.333333333333333,4.0,4.166666666666667,3.8333333333333335,3.8333333333333335,4.0,4.166666666666667,4.166666666666667,5.666666666666667,4.0,4.0,3.0,4.166666666666667,4.0,3.8333333333333335,3.8333333333333335,3.8333333333333335,3.3333333333333335,0,3.1666666666666665,3.5,3.3333333333333335,3.3333333333333335,4.166666666666667,4.166666666666667,4.166666666666667,4.5,4.666666666666667,3.75,4.5,4.833333333333333,4.666666666666667,4.666666666666667,3.2,4.666666666666667,5.0,4.666666666666667,4.666666666666667,4.5,4.166666666666667,5.2,4.0,4.6,3.8333333333333335,3.6666666666666665,3.6666666666666665,3.8333333333333335,3.8333333333333335,3.6666666666666665,4.6,4.0,3.8333333333333335,4.0,3.8333333333333335,3.5,3.8,3.0,3.1666666666666665,0,3.1666666666666665,3.1666666666666665,3.6666666666666665,3.6666666666666665,3.6666666666666665,3.8333333333333335,3.6666666666666665,3.3333333333333335,3.3333333333333335,3.0,2.6666666666666665,2.8333333333333335,3.0,3.3333333333333335,3.0,3.1666666666666665,3.1666666666666665,3.0,3.0,0,2.8333333333333335,2.6666666666666665,2.6666666666666665,2.6666666666666665,1.4,2.6666666666666665,2.5,2.5,2.3333333333333335,0,2.3333333333333335,2.3333333333333335,2.6666666666666665,2.6666666666666665,2.5,2.1666666666666665,2.0,2.0,2.1666666666666665,3.25,2.3333333333333335,2.3333333333333335,2.8333333333333335,2.8333333333333335,3.0,3.0,3.3333333333333335,3.3333333333333335,3.1666666666666665,3.75,2.8333333333333335,2.8333333333333335,2.8333333333333335,2.6666666666666665,2.5,2.1666666666666665,3.0,2.8333333333333335,2.8333333333333335,0,2.6666666666666665,2.6666666666666665,2.8333333333333335,2.8333333333333335,2.6666666666666665,2.6666666666666665,2.8333333333333335,2.8333333333333335,2.8333333333333335,4.25,2.8333333333333335,2.8333333333333335,2.6666666666666665,3.0,2.8,2.6666666666666665,2.3333333333333335,2.0,2.1666666666666665,0,2.3333333333333335,2.1666666666666665,2.0,1.6666666666666667,1.6666666666666667,1.6666666666666667,1.6666666666666667,1.6666666666666667,1.3333333333333333,0.3333333333333333,1.0,1.0,1.0,0.8333333333333334,0.8333333333333334,1.0,0.8333333333333334,0.8,1.0,1.25,1.0,1.0,0.8333333333333334,0.6666666666666666,0.6666666666666666,0.5,0.5,0.3333333333333333,0.5,0.75,1.1666666666666667,1.3333333333333333,1.3333333333333333,1.3333333333333333,1.3333333333333333,1.6666666666666667,1.6666666666666667,1.3333333333333333,1.3333333333333333,0,1.25,1.5,2.1666666666666665,2.0,1.6666666666666667,1.6666666666666667,1.6666666666666667,1.3333333333333333,1.5,1.4,1.6666666666666667,1.2,1.5,1.3333333333333333,1.0,1.1666666666666667,1.1666666666666667,0.8333333333333334,0.8333333333333334,0,0.8333333333333334,1.0,1.0,1.4,1.3333333333333333,1.5,1.3333333333333333,1.5,1.5,1.3333333333333333,1.5,1.5,1.6666666666666667,1.5,1.5,1.0,1.0,1.1666666666666667,1.3333333333333333,0.75,1.3333333333333333,1.0,1.0,1.0,1.1666666666666667,1.0,0.8333333333333334,0.8333333333333334,0.8333333333333334,1.0,1.0,1.1666666666666667,1.3333333333333333,1.5,1.6666666666666667,1.6666666666666667,1.6666666666666667,2.0,1.6666666666666667,0,2.0,2.0,2.1666666666666665,2.1666666666666665,2.3333333333333335,2.3333333333333335,2.3333333333333335,2.1666666666666665,2.0,1.5,1.3333333333333333,1.3333333333333333,1.0,1.5,1.6666666666666667,2.0,1.8333333333333333,1.8333333333333333,2.0,0,2.4,2.3333333333333335,2.3333333333333335,2.0,1.8,2.0,1.8333333333333333,2.0,2.1666666666666665,2.0,2.1666666666666665,2.3333333333333335,2.0,1.8333333333333333,2.0,2.6,2.3333333333333335,2.5,2.1666666666666665,2.6666666666666665,2.8333333333333335,2.5,2.3333333333333335,3.0,3.1666666666666665,3.0,3.3333333333333335,3.3333333333333335,3.5,4.0,3.3333333333333335,4.4,3.8333333333333335,3.6666666666666665,4.2,3.6666666666666665,3.8333333333333335,3.8333333333333335,4.0,0,3.8333333333333335,4.0,4.166666666666667,4.166666666666667,4.0,4.0,3.5,3.5,3.6666666666666665,4.4,2.4,3.6666666666666665,3.5,3.6666666666666665,3.8333333333333335,3.8333333333333335,3.8333333333333335,3.8333333333333335,3.8333333333333335,0,3.6666666666666665,3.1666666666666665,3.1666666666666665,3.5,3.3333333333333335,3.1666666666666665,3.1666666666666665,3.5,3.6666666666666665,0,3.8,3.3333333333333335,3.3333333333333335,3.1666666666666665,3.5,3.1666666666666665,3.1666666666666665,3.1666666666666665,3.1666666666666665,2.75,3.1666666666666665,3.3333333333333335,3.5,3.5,3.5,3.5,3.3333333333333335,3.5,3.6666666666666665,4.25,3.5,3.3333333333333335,3.3333333333333335,3.3333333333333335,3.3333333333333335,3.1666666666666665,3.1666666666666665,3.1666666666666665,3.1666666666666665,0,4.5,3.8333333333333335,3.8333333333333335,3.8333333333333335,3.8333333333333335,3.8333333333333335,4.0,3.3333333333333335,2.6666666666666665,3.3333333333333335,2.3333333333333335,2.3333333333333335,2.8,2.6666666666666665,2.5,3.0,3.0,2.6666666666666665,2.6666666666666665,0,2.6,2.8333333333333335,3.6,3.0,2.4,3.0,3.0,2.8333333333333335,3.0,0,3.3333333333333335,3.5,3.1666666666666665,3.1666666666666665,3.6666666666666665,3.1666666666666665,3.8333333333333335,3.8333333333333335,3.3333333333333335,3.6,2.6666666666666665,2.5,2.8333333333333335,3.1666666666666665,2.8333333333333335,2.3333333333333335,2.3333333333333335,2.6666666666666665,3.0,1.6,3.4,2.5,3.0,3.0,1.6,2.6666666666666665,2.8333333333333335,2.8333333333333335,2.8333333333333335,0,2.8333333333333335,3.5,3.6666666666666665,3.6666666666666665,3.5,3.3333333333333335,2.0,1.6666666666666667,1.5,1.0,0.8333333333333334,0.8333333333333334,1.0,1.3333333333333333,1.1666666666666667,1.6666666666666667,1.5,1.6666666666666667,1.8333333333333333,0,3.0,3.3333333333333335,3.8333333333333335,3.8333333333333335,4.333333333333333,4.5,4.166666666666667,4.0,3.8333333333333335,0,3.6666666666666665,3.6666666666666665,3.8333333333333335,3.6666666666666665,3.0,2.5,3.1666666666666665,3.3333333333333335,2.8333333333333335,3.5,2.6666666666666665,2.4,2.3333333333333335,2.1666666666666665,2.5,2.8333333333333335,2.8333333333333335,3.0,3.1666666666666665,4.25,3.1666666666666665,2.8333333333333335,2.8333333333333335,2.8333333333333335,2.8333333333333335,2.8333333333333335,1.2,3.0,3.0,0,3.0,3.3333333333333335,2.6666666666666665,2.6666666666666665,3.0,2.1666666666666665,2.8,2.6666666666666665,2.6666666666666665,4.0,3.1666666666666665,3.1666666666666665,3.0,2.8333333333333335,3.1666666666666665,3.4,3.5,3.5,3.5,0,4.0,4.5,4.166666666666667,4.5,4.333333333333333,4.166666666666667,4.5,4.5,4.833333333333333,0,4.333333333333333,4.5,4.666666666666667,4.666666666666667,4.666666666666667,4.666666666666667,4.166666666666667,4.333333333333333,4.333333333333333,4.333333333333333,4.166666666666667,4.0,3.6666666666666665,3.6666666666666665,3.6666666666666665,4.0,4.0,4.333333333333333,4.666666666666667,4.25,4.5,4.166666666666667,4.0,3.8333333333333335,3.8333333333333335,3.6666666666666665,3.5,3.5,3.5,0,3.0,2.5,2.5,2.3333333333333335,2.3333333333333335,2.0,2.0,2.0,1.1666666666666667,1.25,1.1666666666666667,1.0,1.0,1.0,0.8333333333333334,1.0,1.0,1.3333333333333333,1.3333333333333333,0,1.3333333333333333,1.3333333333333333,1.2,1.3333333333333333,1.3333333333333333,1.3333333333333333,1.6666666666666667,1.6666666666666667,1.6666666666666667,2.0,1.8333333333333333,1.6666666666666667,2.1666666666666665,2.1666666666666665,2.3333333333333335,2.3333333333333335,2.5,2.6666666666666665,2.6666666666666665,2.8333333333333335,3.1666666666666665,3.1666666666666665,3.1666666666666665,3.0,3.1666666666666665,3.1666666666666665,3.1666666666666665,3.1666666666666665,3.3333333333333335,3.1666666666666665,3.1666666666666665,3.3333333333333335,3.5,4.0,4.0,4.333333333333333,5.166666666666667,5.166666666666667,5.0,0,5.0,5.0,5.833333333333333,6.166666666666667,6.166666666666667,6.333333333333333,6.333333333333333,6.833333333333333,6.666666666666667,7.333333333333333,7.333333333333333,7.666666666666667,7.5,7.333333333333333,7.333333333333333,7.166666666666667,7.0,7.166666666666667,7.166666666666667,0,7.0,7.333333333333333,7.333333333333333,7.333333333333333,7.333333333333333,7.5,7.5,7.333333333333333,7.833333333333333,5.0,8.0,8.0,8.5,8.5,8.666666666666666,8.666666666666666,8.166666666666666,8.333333333333334,8.666666666666666,8.666666666666666,8.833333333333334,9.0,9.0,9.0,9.0,9.166666666666666,9.0,9.0,8.5,8.333333333333334,8.5,8.333333333333334,8.166666666666666,8.333333333333334,8.333333333333334,7.833333333333333,7.833333333333333,7.666666666666667,7.5,0,8.166666666666666,8.166666666666666,8.666666666666666,8.666666666666666,8.5,8.666666666666666,8.666666666666666,8.666666666666666,8.833333333333334,9.0,8.833333333333334,8.833333333333334,8.5,8.666666666666666,8.666666666666666,9.0,9.333333333333334,9.166666666666666,8.833333333333334,0,8.833333333333334,9.0,9.0,9.0,9.333333333333334,9.666666666666666,10.0,9.833333333333334,10.166666666666666,10.25,10.166666666666666,10.0,10.166666666666666,10.0,10.0,10.333333333333334,10.5,11.0,10.833333333333334,10.5,10.833333333333334,10.5,10.5,10.666666666666666,10.666666666666666,10.2,10.666666666666666,10.5,10.833333333333334,10.25,11.0,11.0,11.333333333333334,11.333333333333334,11.333333333333334,11.166666666666666,11.166666666666666,11.0,10.333333333333334,0,10.5,10.166666666666666,10.166666666666666,10.166666666666666,9.8,10.166666666666666,10.166666666666666,10.166666666666666,10.166666666666666,9.0,11.0,11.0,11.0,10.833333333333334,10.833333333333334,11.0,10.833333333333334,10.833333333333334,10.833333333333334,0,11.166666666666666,11.166666666666666,11.166666666666666,11.166666666666666,11.166666666666666,11.166666666666666,11.166666666666666,11.166666666666666,11.166666666666666,9.333333333333334,11.333333333333334,11.5,11.5,11.333333333333334,11.166666666666666,11.166666666666666,11.166666666666666,11.166666666666666,11.0,9.333333333333334,11.166666666666666,11.166666666666666,11.0,11.0,10.833333333333334,10.833333333333334,11.0,10.833333333333334,10.833333333333334,10.25,10.833333333333334,10.5,10.5,10.5,10.5,10.333333333333334,10.5,10.5,10.166666666666666
0,10.166666666666666,10.166666666666666,10.5,10.5,10.333333333333334,10.5,10.5,10.5,10.5,9.4,10.833333333333334,10.833333333333334,11.0,11.0,11.0,11.0,10.5,10.5,10.5,0,10.5,10.5,11.0,11.0,11.166666666666666,11.333333333333334,11.333333333333334,11.333333333333334,11.333333333333334,10.8,11.333333333333334,11.333333333333334,11.333333333333334,11.333333333333334,11.333333333333334,11.333333333333334,11.333333333333334,11.166666666666666,11.333333333333334,11.0,11.5,11.5,11.5,11.333333333333334,11.333333333333334,11.333333333333334,11.333333333333334,11.333333333333334,11.333333333333334,11.333333333333334,11.333333333333334,11.166666666666666,11.0,11.0,11.0,11.0,11.0,10.833333333333334,10.833333333333334,12.2,10.666666666666666,10.666666666666666,10.666666666666666,10.666666666666666,10.5,10.5,10.666666666666666,10.666666666666666,10.666666666666666,10.666666666666666,10.833333333333334,10.833333333333334,10.833333333333334,10.833333333333334,10.833333333333334,10.833333333333334,10.833333333333334,11.0,11.0,0,11.166666666666666,11.166666666666666,11.166666666666666,11.166666666666666,11.166666666666666,11.166666666666666,11.166666666666666,11.166666666666666,11.166666666666666,11.166666666666666,11.166666666666666,11.166666666666666,11.333333333333334,11.333333333333334,11.333333333333334,11.333333333333334,11.333333333333334,12.8,11.5,11.0,11.5,11.666666666666666,11.5,11.5,11.5,11.5,11.666666666666666,11.666666666666666,11.833333333333334,11.2,11.833333333333334,11.833333333333334,11.833333333333334,11.833333333333334,11.833333333333334,11.833333333333334,12.166666666666666,12.166666666666666,12.166666666666666,0,12.166666666666666,12.166666666666666,12.166666666666666,12.166666666666666,12.166666666666666,12.166666666666666,12.166666666666666,12.166666666666666,12.166666666666666,11.25,12.0,12.0,12.0,12.0,12.0,12.0,12.0,12.0,12.0,0,12.0,12.166666666666666,12.166666666666666,12.0,12.0,12.0,12.0,12.0,12.0,11.8,12.166666666666666,12.166666666666666,12.166666666666666,12.166666666666666,12.166666666666666,12.166666666666666,12.166666666666666,12.166666666666666,12.166666666666666,12.0,12.333333333333334,12.333333333333334,12.333333333333334,12.333333333333334,12.333333333333334,12.333333333333334,12.333333333333334,12.333333333333334,12.333333333333334,12.2,12.333333333333334,12.333333333333334,12.333333333333334,12.333333333333334,12.333333333333334,12.333333333333334,12.333333333333334,12.333333333333334,12.333333333333334,12.2,13.6,12.333333333333334,12.333333333333334,12.333333333333334,12.333333333333334,12.333333333333334,12.333333333333334,12.333333333333334,12.5,12.5,13.0,13.0,13.0,13.0,13.0,12.833333333333334,12.833333333333334,12.833333333333334,12.833333333333334,0,12.833333333333334,12.833333333333334,12.833333333333334,12.833333333333334,12.833333333333334,12.833333333333334,12.833333333333334,12.833333333333334,12.833333333333334,15.0,12.833333333333334,12.833333333333334,12.833333333333334,12.833333333333334,12.833333333333334,12.833333333333334,12.833333333333334,12.833333333333334,12.833333333333334,12.75,12.833333333333334,12.833333333333334,12.833333333333334,12.833333333333334,12.833333333333334,12.833333333333334,12.833333333333334,12.833333333333334,12.833333333333334,12.75,12.2,12.833333333333334,12.666666666666666,12.666666666666666,12.666666666666666,12.666666666666666,12.5,12.5,12.5,12.5,12.0,12.666666666666666,12.666666666666666,12.4,12.5,12.5,12.5,12.5,12.5,12.0,12.5,12.5,12.333333333333334,12.333333333333334,12.333333333333334,12.333333333333334,12.333333333333334,12.5,12.5,0,12.5,12.5,12.5,12.5,12.5,12.5,12.333333333333334,12.333333333333334,12.333333333333334,12.0,12.333333333333334,12.333333333333334,12.333333333333334,12.166666666666666,12.166666666666666,12.166666666666666,12.166666666666666,12.166666666666666,12.166666666666666,12.0,12.166666666666666,12.166666666666666,12.166666666666666,12.166666666666666,12.166666666666666,11.6,12.0,11.833333333333334,11.666666666666666,11.0,11.666666666666666,11.666666666666666,11.666666666666666,11.833333333333334,11.833333333333334,11.833333333333334,11.833333333333334,11.833333333333334,11.833333333333334,11.2,11.833333333333334,11.833333333333334,11.833333333333334,11.833333333333334,11.833333333333334,11.833333333333334,11.833333333333334,11.833333333333334,11.833333333333334,11.833333333333334,11.833333333333334,11.833333333333334,11.833333333333334,11.833333333333334,11.833333333333334,11.833333333333334,11.833333333333334,11.833333333333334,11.833333333333334,0,11.833333333333334,11.833333333333334,11.833333333333334,11.833333333333334,11.833333333333334,11.833333333333334,11.833333333333334,12.0,12.0,12.0,12.0,12.0,13.4,12.0,12.0,12.0,12.0,12.0,12.0,12.0,12.0,12.0,12.0,12.0,12.0,12.0,12.0,12.0,12.0,12.0,12.0,12.0,12.0,12.0,12.0,12.0,12.0,11.833333333333334,11.5,11.333333333333334,10.833333333333334,10.833333333333334,10.833333333333334,11.0,11.0,11.166666666666666,11.0,11.0,11.0,11.0,10.833333333333334,10.833333333333334,10.833333333333334,10.833333333333334,10.666666666666666,10.666666666666666,10.666666666666666,10.5,10.5,0,10.333333333333334,10.333333333333334,10.333333333333334,10.333333333333334,10.333333333333334,10.5,10.333333333333334,10.8,10.333333333333334,10.8,10.166666666666666,10.333333333333334,10.166666666666666,10.166666666666666,10.333333333333334,10.166666666666666,10.166666666666666,10.166666666666666,10.166666666666666,10.8,10.0,9.2,10.0,9.833333333333334,9.666666666666666,9.666666666666666,9.666666666666666,9.666666666666666,9.5,9.25,9.5,9.166666666666666,9.333333333333334,9.333333333333334,9.333333333333334,9.5,9.333333333333334,9.333333333333334,9.333333333333334,13.0,9.0,8.666666666666666,8.5,8.5,8.5,8.333333333333334,8.166666666666666,8.166666666666666,8.333333333333334,7.25,8.0,7.833333333333333,8.0,8.333333333333334,8.333333333333334,8.333333333333334,8.4,8.5,8.333333333333334,0,8.333333333333334,8.5,8.333333333333334,8.333333333333334,8.5,8.166666666666666,8.5,8.333333333333334,8.333333333333334,13.0,8.333333333333334,8.333333333333334,7.833333333333333,7.833333333333333,7.666666666666667,7.666666666666667,7.5,7.333333333333333,7.333333333333333,6.0,7.5,7.5,7.166666666666667,7.166666666666667,7.166666666666667,6.833333333333333,6.833333333333333,7.166666666666667,7.166666666666667,7.0,8.333333333333334,8.0,8.833333333333334,8.833333333333334,8.666666666666666,8.666666666666666,8.333333333333334,7.833333333333333,7.666666666666667,0,7.5,7.666666666666667,7.666666666666667,7.5,7.833333333333333,8.0,7.833333333333333,7.833333333333333,7.333333333333333,8.5,7.333333333333333,7.333333333333333,7.333333333333333,7.333333333333333,7.333333333333333,7.333333333333333,7.666666666666667,7.5,7.333333333333333,0,7.666666666666667,7.666666666666667,6.8,7.0,8.333333333333334,8.833333333333334,8.666666666666666,7.5,8.333333333333334,14.0,8.166666666666666,7.833333333333333,7.666666666666667,8.0,7.5,7.166666666666667,7.666666666666667,7.5,5.8,9.0,7.666666666666667,8.333333333333334,8.166666666666666,8.5,7.833333333333333,8.333333333333334,8.166666666666666,8.833333333333334,9.166666666666666,9.75,10.333333333333334,10.666666666666666,11.0,11.5,11.5,12.166666666666666,12.333333333333334,14.0,13.333333333333334,0,13.166666666666666,13.333333333333334,13.333333333333334,13.0,13.166666666666666,12.333333333333334,12.5,13.0,12.5,13.4,11.833333333333334,11.5,11.666666666666666,12.0,11.5,11.5,12.166666666666666,12.333333333333334,12.666666666666666,0,12.333333333333334,12.0,11.833333333333334,11.5,10.833333333333334,11.5,11.166666666666666,11.5,12.0,15.0,12.333333333333334,11.5,11.5,11.333333333333334,10.6,10.833333333333334,11.0,10.8,10.833333333333334,13.0,10.666666666666666,10.333333333333334,10.5,10.833333333333334,10.833333333333334,11.2,10.5,11.0,11.0,13.5,10.833333333333334,12.0,11.0,10.666666666666666,10.666666666666666,12.6,11.333333333333334,11.166666666666666,11.166666666666666,0,11.0,11.4,11.666666666666666,11.666666666666666,11.333333333333334,11.333333333333334,11.5,11.833333333333334,11.833333333333334,12.8,12.166666666666666,12.166666666666666,12.333333333333334,12.666666666666666,12.0,13.0,12.666666666666666,11.833333333333334,11.333333333333334,0,10.8,11.0,10.833333333333334,10.833333333333334,11.0,11.333333333333334,11.333333333333334,11.333333333333334,11.0,8.0,10.666666666666666,10.833333333333334,10.833333333333334,10.833333333333334,10.333333333333334,10.333333333333334,10.166666666666666,10.166666666666666,10.166666666666666,11.6,10.166666666666666,10.0,10.0,9.666666666666666,9.5,9.5,9.333333333333334,9.333333333333334,9.333333333333334,9.666666666666666,9.833333333333334,9.833333333333334,9.2,9.833333333333334,9.833333333333334,9.833333333333334,9.666666666666666,9.666666666666666,9.166666666666666,0,9.0,9.0,10.6,8.666666666666666,8.5,8.5,8.666666666666666,8.666666666666666,8.5,10.4,8.666666666666666,8.833333333333334,8.666666666666666,8.666666666666666,8.666666666666666,8.5,8.5,8.4,8.666666666666666,0,8.333333333333334,8.333333333333334,8.166666666666666,8.166666666666666,7.666666666666667,7.666666666666667,6.0,7.0,6.833333333333333,9.333333333333334,6.666666666666667,6.833333333333333,6.833333333333333,6.5,6.5,6.333333333333333,6.333333333333333,5.833333333333333,6.166666666666667,7.5,6.0,5.833333333333333,5.5,5.666666666666667,5.5,5.333333333333333,5.0,4.666666666666667,5.166666666666667,6.0,5.333333333333333,5.5,5.333333333333333,5.333333333333333,5.166666666666667,5.333333333333333,5.333333333333333,5.5,5.333333333333333,0,5.166666666666667,5.0,5.0,5.0,5.333333333333333,5.166666666666667,5.0,5.333333333333333,5.5,6.0,5.5,5.333333333333333,5.5,5.333333333333333,5.5,5.5,5.166666666666667,5.0,5.0,0,4.666666666666667,5.333333333333333,4.833333333333333,4.833333333333333,4.666666666666667,4.333333333333333,4.166666666666667,4.333333333333333,4.5,8.0,4.5,4.5,4.333333333333333,4.166666666666667,4.166666666666667,4.0,4.0,4.0,4.0,5.666666666666667,3.6666666666666665,3.6666666666666665,3.6666666666666665,3.8333333333333335,3.8333333333333335,4.0,3.8333333333333335,3.6666666666666665,3.8333333333333335,5.5,4.0,4.333333333333333,4.166666666666667,4.0,4.0,4.0,3.8333333333333335,3.2,3.6666666666666665,0,3.5,4.4,3.6666666666666665,3.6666666666666665,3.6666666666666665,3.5,3.0,3.0,2.5,3.2,2.8333333333333335,2.6666666666666665,2.6666666666666665,2.6666666666666665,2.8333333333333335,2.8333333333333335,2.0,3.1666666666666665,3.3333333333333335,0,3.6666666666666665,3.5,3.1666666666666665,3.1666666666666665,2.8333333333333335,2.8333333333333335,2.8333333333333335,2.8333333333333335,2.8333333333333335,0.0,2.8333333333333335,3.0,3.3333333333333335,3.0,3.1666666666666665,3.1666666666666665,3.3333333333333335,3.0,2.6666666666666665,2.6666666666666665,2.5,2.3333333333333335,2.3333333333333335,2.3333333333333335,2.3333333333333335,2.5,2.5,2.6666666666666665,2.3333333333333335,2.1666666666666665,2.0,2.0,2.1666666666666665,2.1666666666666665,2.1666666666666665,2.0,2.0,2.1666666666666665,2.5,0,2.6666666666666665,2.5,2.3333333333333335,2.3333333333333335,2.3333333333333335,2.5,2.5,2.6666666666666665,2.3333333333333335,2.3333333333333335,2.3333333333333335,2.5,2.6666666666666665,2.3333333333333335,2.3333333333333335,2.3333333333333335,2.1666666666666665,2.0,1.8333333333333333,0,1.6666666666666667,1.6666666666666667,1.8333333333333333,1.8333333333333333,1.6666666666666667,1.6666666666666667,1.6666666666666667,1.6666666666666667,1.6666666666666667,2.6666666666666665,1.5,1.3333333333333333,1.3333333333333333,1.5,2.0,2.3333333333333335,2.3333333333333335,2.3333333333333335,2.3333333333333335,2.1666666666666665,2.1666666666666665,2.1666666666666665,2.1666666666666665,2.1666666666666665,2.1666666666666665,2.1666666666666665,2.1666666666666665,2.1666666666666665,2.5,2.6666666666666665,2.6666666666666665,3.0,2.8333333333333335,2.5,2.3333333333333335,2.1666666666666665,2.1666666666666665,2.3333333333333335,2.3333333333333335,0,2.5,2.3333333333333335,2.6,2.5,2.3333333333333335,2.3333333333333335,2.3333333333333335,2.3333333333333335,2.6666666666666665,2.1666666666666665,2.1666666666666665,2.5,2.6666666666666665,2.8333333333333335,2.6666666666666665,2.5,3.2,2.5,2.5,0,2.6666666666666665,2.6666666666666665,2.5,2.5,2.5,3.1666666666666665,3.5,3.6666666666666665,3.8333333333333335,3.25,4.0,3.8333333333333335,3.8333333333333335,4.333333333333333,4.0,5.0,4.833333333333333,4.833333333333333,4.833333333333333,4.75,4.833333333333333,4.833333333333333,4.5,4.5,4.5,5.0,4.333333333333333,4.5,4.666666666666667,5.0,4.833333333333333,4.833333333333333,4.666666666666667,5.0,5.0,5.333333333333333,5.5,5.5,5.666666666666667,0,6.5,6.5,6.166666666666667,6.666666666666667,6.5,6.666666666666667,6.666666666666667,6.5,6.833333333333333,7.0,6.5,6.333333333333333,6.166666666666667,6.333333333333333,6.333333333333333,6.75,6.333333333333333,6.5,6.166666666666667,0,6.166666666666667,5.833333333333333,5.833333333333333,5.833333333333333,5.5,5.0,5.333333333333333,5.0,4.833333333333333,0,4.833333333333333,4.833333333333333,4.5,4.666666666666667,4.666666666666667,4.5,4.5,4.166666666666667,4.0,4.666666666666667,4.0,4.333333333333333,4.5,4.333333333333333,5.0,5.0,5.0,5.166666666666667,5.166666666666667,4.75,5.333333333333333,5.5,6.0,6.8,6.166666666666667,6.166666666666667,6.5,6.333333333333333,6.5,0,6.666666666666667,6.5,6.833333333333333,7.4,6.666666666666667,6.666666666666667,6.333333333333333,6.166666666666667,5.833333333333333,5.75,4.6,5.833333333333333,5.0,5.166666666666667,4.0,6.0,4.2,5.5,5.5,0,5.666666666666667,5.666666666666667,4.4,5.833333333333333,4.6,6.5,6.166666666666667,6.166666666666667,6.0,0,5.833333333333333,5.833333333333333,5.666666666666667,6.0,5.833333333333333,4.4,5.0,5.333333333333333,4.2,4.0,5.5,5.8,5.0,5.333333333333333,5.166666666666667,5.666666666666667,5.5,5.5,5.333333333333333,3.6,5.0,5.166666666666667,5.333333333333333,5.5,5.5,5.166666666666667,5.0,5.0,5.0,0,5.166666666666667,5.5,5.166666666666667,4.833333333333333,4.333333333333333,4.666666666666667,4.666666666666667,3.8333333333333335,3.3333333333333335,2.8,3.3333333333333335,2.6666666666666665,2.8333333333333335,2.8333333333333335,2.8333333333333335,2.6666666666666665,2.5,2.6666666666666665,2.6666666666666665,0,2.6666666666666665,2.8333333333333335,2.8333333333333335,2.5,3.0,3.1666666666666665,3.0,2.8333333333333335,2.8333333333333335,0,3.3333333333333335,3.0,3.1666666666666665,3.0,2.5,2.6666666666666665,3.0,3.3333333333333335,3.3333333333333335,3.5,3.0,3.1666666666666665,3.1666666666666665,3.5,3.6666666666666665,3.5,3.5,3.5,4.166666666666667,3.8333333333333335,3.6666666666666665,3.5,3.5,3.5,3.5,3.3333333333333335,3.8333333333333335,4.166666666666667,4.0,0,4.0,4.166666666666667,4.0,4.166666666666667,4.5,4.5,5.0,4.666666666666667,4.833333333333333,5.0,4.5,5.166666666666667,5.166666666666667,5.0,5.333333333333333,5.166666666666667,5.5,6.0,5.833333333333333,0,5.833333333333333,6.166666666666667,6.166666666666667,6.333333333333333,6.166666666666667,6.166666666666667,6.333333333333333,6.666666666666667,6.5,5.0,6.833333333333333,6.833333333333333,6.666666666666667,6.833333333333333,6.5,6.5,6.333333333333333,6.0,5.5,5.666666666666667,6.333333333333333,6.333333333333333,6.333333333333333,6.5,6.166666666666667,5.5,5.666666666666667,5.5,6.0,5.5,5.5,5.5,5.666666666666667,5.666666666666667,5.5,5.5,5.333333333333333,5.333333333333333,5.666666666666667,0,5.666666666666667,6.4,6.0,6.166666666666667,6.166666666666667,6.333333333333333,6.333333333333333,6.333333333333333,6.333333333333333,7.2,6.0,6.0,5.833333333333333,5.833333333333333,5.666666666666667,5.333333333333333,5.333333333333333,4.4,5.333333333333333,0,6.333333333333333,6.333333333333333,6.166666666666667,6.333333333333333,6.666666666666667,6.5,6.666666666666667,6.666666666666667,6.833333333333333,10.0,6.166666666666667,5.833333333333333,5.666666666666667,5.5,5.166666666666667,5.166666666666667,5.166666666666667,5.166666666666667,5.166666666666667,5.75,5.333333333333333,5.5,5.333333333333333,5.5,5.666666666666667,5.666666666666667,5.666666666666667,5.666666666666667,5.5,6.25,5.666666666666667,5.833333333333333,5.666666666666667,5.666666666666667,5.666666666666667,6.0,6.0,6.0,6.0,0,6.166666666666667,6.333333333333333,6.5,6.666666666666667,6.833333333333333,6.833333333333333,6.666666666666667,6.5,6.5,8.0,6.333333333333333,6.333333333333333,6.333333333333333,6.333333333333333,6.0,6.0,6.0,6.0,6.166666666666667,0,6.666666666666667,6.5,6.5,6.333333333333333,6.333333333333333,6.333333333333333,6.333333333333333,6.5,6.5,12.0,6.666666666666667,6.666666666666667,7.0,7.0,7.0,7.166666666666667,7.333333333333333,7.333333333333333,7.5,8.2,8.0,8.0,8.0,8.333333333333334,8.5,8.5,8.5,8.666666666666666,8.666666666666666,9.4,8.666666666666666,8.333333333333334,8.333333333333334,8.333333333333334,8.333333333333334,7.333333333333333,7.0,6.833333333333333,6.833333333333333,0,6.666666666666667,7.0,7.0,7.166666666666667,7.166666666666667,7.333333333333333,7.0,7.0,7.166666666666667,7.4,7.333333333333333,7.333333333333333,7.333333333333333,7.5,7.666666666666667,7.666666666666667,7.5,7.5,7.666666666666667,0,8.0,8.0,8.0,8.0,8.0,8.333333333333334,8.333333333333334,8.5,8.5,8.666666666666666,7.2,9.0,9.0,9.333333333333334,9.333333333333334,9.333333333333334,9.0,9.333333333333334,9.166666666666666,9.166666666666666,9.0,9.0,9.0,9.0,9.0,9.0,8.833333333333334,8.833333333333334,9.0,8.833333333333334,9.0,9.166666666666666,9.166666666666666,9.166666666666666,9.166666666666666,9.666666666666666,9.5,9.5,9.5,0,9.5,9.0,8.666666666666666,8.666666666666666,9.0,9.0,9.0,9.0,9.0,9.166666666666666,9.166666666666666,9.166666666666666,9.166666666666666,9.0,9.166666666666666,9.166666666666666,9.333333333333334,9.333333333333334,9.833333333333334,0,10.0,9.666666666666666,9.666666666666666,9.833333333333334,9.833333333333334,10.0,10.0,10.0,9.833333333333334,10.0,10.0,10.0,10.0,10.166666666666666,10.0,10.0,10.0,10.0,10.0,10.166666666666666,10.166666666666666,10.166666666666666,10.333333333333334,10.0,9.833333333333334,9.833333333333334,9.833333333333334,9.833333333333334,9.833333333333334,9.833333333333334,9.666666666666666,9.666666666666666,9.5,9.333333333333334,9.333333333333334,9.166666666666666,9.0,9.333333333333334,9.333333333333334
7.0,9.428571428571429,9.428571428571429,9.166666666666666,9.571428571428571,9.571428571428571,9.571428571428571,9.571428571428571,9.571428571428571,9.166666666666666,9.428571428571429,9.428571428571429,9.571428571428571,9.571428571428571,9.571428571428571,9.428571428571429,9.714285714285714,9.714285714285714,9.714285714285714,9.571428571428571,0,9.428571428571429,9.0,9.0,9.0,9.0,9.142857142857142,9.666666666666666,9.142857142857142,9.0,8.857142857142858,8.857142857142858,8.857142857142858,8.857142857142858,8.857142857142858,8.857142857142858,8.857142857142858,8.857142857142858,8.857142857142858,8.857142857142858,8.833333333333334,8.714285714285714,8.714285714285714,8.857142857142858,8.857142857142858,8.857142857142858,9.0,9.5,9.285714285714286,9.428571428571429,10.0,9.428571428571429,9.833333333333334,9.285714285714286,9.285714285714286,9.285714285714286,9.428571428571429,9.833333333333334,9.428571428571429,9.714285714285714,9.25,10.166666666666666,9.714285714285714,11.333333333333334,9.714285714285714,9.714285714285714,9.714285714285714,9.714285714285714,10.166666666666666,9.857142857142858,12.2,9.857142857142858,9.857142857142858,9.857142857142858,9.833333333333334,9.857142857142858,9.857142857142858,9.857142857142858,9.857142857142858,9.857142857142858,0,9.857142857142858,12.2,9.857142857142858,9.857142857142858,10.714285714285714,11.285714285714286,11.285714285714286,11.285714285714286,11.285714285714286,12.2,11.428571428571429,11.428571428571429,11.428571428571429,11.428571428571429,11.428571428571429,11.285714285714286,11.285714285714286,11.285714285714286,11.333333333333334,12.0,11.428571428571429,11.571428571428571,11.571428571428571,11.571428571428571,11.714285714285714,11.857142857142858,11.857142857142858,11.857142857142858,11.857142857142858,12.0,11.714285714285714,11.571428571428571,11.714285714285714,11.714285714285714,11.714285714285714,11.714285714285714,11.857142857142858,11.857142857142858,12.142857142857142,0,12.142857142857142,12.142857142857142,12.142857142857142,12.142857142857142,12.142857142857142,12.142857142857142,12.142857142857142,12.142857142857142,11.857142857142858,13.0,11.714285714285714,11.714285714285714,11.714285714285714,11.714285714285714,11.714285714285714,11.714285714285714,11.714285714285714,11.666666666666666,11.714285714285714,0,11.714285714285714,11.714285714285714,11.714285714285714,11.833333333333334,11.714285714285714,11.714285714285714,11.714285714285714,11.571428571428571,11.571428571428571,11.571428571428571,11.5,11.571428571428571,11.571428571428571,11.5,11.571428571428571,11.571428571428571,11.857142857142858,11.857142857142858,11.857142857142858,11.833333333333334,11.857142857142858,11.714285714285714,11.714285714285714,11.714285714285714,11.714285714285714,11.714285714285714,11.714285714285714,11.714285714285714,11.714285714285714,11.833333333333334,11.714285714285714,11.714285714285714,11.714285714285714,11.714285714285714,11.714285714285714,11.714285714285714,11.714285714285714,11.714285714285714,11.714285714285714,11.8,11.714285714285714,11.571428571428571,11.571428571428571,11.428571428571429,11.428571428571429,11.428571428571429,11.428571428571429,11.428571428571429,11.428571428571429,11.5,11.428571428571429,11.428571428571429,11.428571428571429,11.428571428571429,11.428571428571429,11.285714285714286,11.285714285714286,11.285714285714286,11.285714285714286,0,11.285714285714286,11.285714285714286,11.285714285714286,11.285714285714286,11.285714285714286,11.285714285714286,11.285714285714286,11.285714285714286,11.285714285714286,11.333333333333334,11.285714285714286,11.285714285714286,11.285714285714286,11.285714285714286,10.0,11.285714285714286,11.285714285714286,11.285714285714286,11.428571428571429,11.428571428571429,11.428571428571429,11.428571428571429,11.428571428571429,11.428571428571429,11.428571428571429,11.428571428571429,11.428571428571429,11.428571428571429,11.428571428571429,11.428571428571429,11.428571428571429,11.428571428571429,11.428571428571429,11.428571428571429,11.428571428571429,11.285714285714286,11.285714285714286,11.285714285714286,11.285714285714286,12.0,11.285714285714286,11.285714285714286,11.285714285714286,11.285714285714286,11.285714285714286,11.285714285714286,11.285714285714286,11.285714285714286,11.285714285714286,11.285714285714286,11.285714285714286,11.285714285714286,11.285714285714286,11.285714285714286,11.285714285714286,11.285714285714286,11.285714285714286,11.285714285714286,11.285714285714286,0,11.285714285714286,11.285714285714286,11.285714285714286,11.285714285714286,11.285714285714286,11.285714285714286,11.285714285714286,11.333333333333334,11.285714285714286,11.285714285714286,11.142857142857142,11.142857142857142,11.142857142857142,11.142857142857142,11.142857142857142,11.142857142857142,11.142857142857142,11.142857142857142,11.285714285714286,11.285714285714286,11.285714285714286,11.285714285714286,11.285714285714286,11.285714285714286,11.142857142857142,11.142857142857142,11.142857142857142,10.857142857142858,10.428571428571429,10.166666666666666,10.285714285714286,10.285714285714286,10.0,10.0,10.0,10.0,10.0,10.0,10.0,10.0,10.0,10.0,10.0,10.833333333333334,10.0,10.0,9.857142857142858,9.714285714285714,9.857142857142858,10.666666666666666,9.714285714285714,9.714285714285714,9.714285714285714,9.714285714285714,9.714285714285714,9.714285714285714,9.571428571428571,9.571428571428571,9.571428571428571,0,9.571428571428571,9.571428571428571,9.714285714285714,9.714285714285714,9.857142857142858,9.857142857142858,9.857142857142858,9.857142857142858,9.857142857142858,10.666666666666666,9.857142857142858,9.857142857142858,9.714285714285714,9.857142857142858,9.714285714285714,9.714285714285714,9.714285714285714,9.714285714285714,9.714285714285714,10.166666666666666,9.142857142857142,9.142857142857142,8.857142857142858,8.714285714285714,8.571428571428571,8.714285714285714,8.714285714285714,8.714285714285714,8.714285714285714,9.166666666666666,8.714285714285714,8.833333333333334,8.571428571428571,8.428571428571429,8.428571428571429,8.428571428571429,8.428571428571429,8.142857142857142,7.571428571428571,8.0,7.571428571428571,7.285714285714286,7.285714285714286,7.285714285714286,7.285714285714286,7.285714285714286,7.285714285714286,7.0,7.0,7.0,7.0,6.857142857142857,6.714285714285714,6.714285714285714,6.714285714285714,6.714285714285714,7.0,6.714285714285714,6.714285714285714,0,6.714285714285714,6.714285714285714,6.857142857142857,6.857142857142857,6.857142857142857,6.714285714285714,6.714285714285714,6.714285714285714,6.857142857142857,6.857142857142857,6.857142857142857,6.857142857142857,6.857142857142857,6.714285714285714,6.714285714285714,6.714285714285714,6.714285714285714,6.833333333333333,6.714285714285714,6.714285714285714,6.714285714285714,6.714285714285714,6.571428571428571,6.571428571428571,6.571428571428571,6.714285714285714,6.571428571428571,6.428571428571429,6.571428571428571,6.0,5.857142857142857,5.857142857142857,5.428571428571429,5.428571428571429,5.428571428571429,5.285714285714286,5.428571428571429,6.0,5.571428571428571,0,5.571428571428571,5.428571428571429,5.428571428571429,5.0,5.285714285714286,5.285714285714286,5.428571428571429,5.285714285714286,5.571428571428571,5.571428571428571,5.428571428571429,5.428571428571429,5.285714285714286,5.285714285714286,4.714285714285714,4.714285714285714,4.428571428571429,4.428571428571429,4.142857142857143,0,4.142857142857143,4.0,3.7142857142857144,3.857142857142857,3.857142857142857,4.0,4.285714285714286,4.142857142857143,4.571428571428571,0,4.142857142857143,3.857142857142857,3.857142857142857,3.857142857142857,3.7142857142857144,3.4285714285714284,3.8333333333333335,3.2857142857142856,2.857142857142857,3.0,3.0,3.142857142857143,3.2857142857142856,3.142857142857143,3.0,2.857142857142857,4.0,4.0,4.142857142857143,5.0,5.0,5.0,5.714285714285714,6.0,5.857142857142857,6.0,5.714285714285714,5.571428571428571,5.142857142857143,0,5.0,5.428571428571429,5.285714285714286,4.857142857142857,4.666666666666667,4.285714285714286,4.285714285714286,4.142857142857143,3.7142857142857144,3.7142857142857144,3.7142857142857144,3.7142857142857144,3.5714285714285716,3.142857142857143,3.5714285714285716,3.7142857142857144,3.5714285714285716,2.6666666666666665,3.142857142857143,0,3.7142857142857144,4.5,5.0,4.428571428571429,4.428571428571429,4.428571428571429,4.428571428571429,4.428571428571429,4.285714285714286,0,3.857142857142857,3.0,3.5714285714285716,3.142857142857143,2.142857142857143,2.0,1.3333333333333333,1.8571428571428572,1.7142857142857142,1.6666666666666667,1.8571428571428572,2.142857142857143,2.2857142857142856,2.142857142857143,2.142857142857143,2.2857142857142856,3.142857142857143,3.4285714285714284,3.2857142857142856,3.5714285714285716,4.0,3.7142857142857144,3.857142857142857,3.5714285714285716,3.5714285714285716,5.285714285714286,5.714285714285714,5.714285714285714,6.142857142857143,0,6.571428571428571,7.0,6.857142857142857,6.571428571428571,6.142857142857143,6.142857142857143,6.142857142857143,6.0,6.0,6.0,5.857142857142857,5.714285714285714,6.0,6.428571428571429,6.428571428571429,6.428571428571429,6.428571428571429,6.571428571428571,7.0,0,7.142857142857143,6.428571428571429,6.285714285714286,6.285714285714286,6.428571428571429,6.857142857142857,6.714285714285714,7.428571428571429,7.285714285714286,11.0,7.428571428571429,7.285714285714286,7.571428571428571,7.714285714285714,7.285714285714286,7.142857142857143,7.571428571428571,7.714285714285714,7.0,6.333333333333333,7.571428571428571,7.571428571428571,7.714285714285714,7.428571428571429,7.285714285714286,8.0,7.857142857142857,8.142857142857142,8.0,8.142857142857142,8.428571428571429,8.428571428571429,8.714285714285714,8.428571428571429,8.428571428571429,8.285714285714286,8.0,7.857142857142857,8.142857142857142,0,8.285714285714286,8.285714285714286,8.571428571428571,8.571428571428571,8.285714285714286,8.142857142857142,8.142857142857142,7.857142857142857,8.0,8.142857142857142,8.285714285714286,7.857142857142857,7.714285714285714,7.857142857142857,7.857142857142857,7.857142857142857,7.714285714285714,8.0,8.0,0,7.285714285714286,7.142857142857143,6.714285714285714,6.857142857142857,6.857142857142857,6.714285714285714,6.714285714285714,6.428571428571429,6.714285714285714,13.0,6.571428571428571,6.714285714285714,6.714285714285714,6.428571428571429,6.714285714285714,7.0,6.857142857142857,6.714285714285714,6.857142857142857,6.857142857142857,6.714285714285714,6.571428571428571,6.571428571428571,6.571428571428571,7.0,6.714285714285714,6.571428571428571,6.5,6.428571428571429,6.285714285714286,6.285714285714286,6.285714285714286,6.0,6.571428571428571,6.571428571428571,6.142857142857143,6.285714285714286,6.285714285714286,6.0,0,6.0,6.0,6.0,5.714285714285714,5.571428571428571,6.5,5.857142857142857,5.714285714285714,5.571428571428571,5.857142857142857,6.0,5.714285714285714,5.857142857142857,5.857142857142857,6.0,5.857142857142857,5.571428571428571,5.428571428571429,5.285714285714286,0,5.0,5.0,5.0,4.714285714285714,5.0,5.142857142857143,4.857142857142857,4.571428571428571,4.714285714285714,4.666666666666667,4.714285714285714,5.0,4.428571428571429,4.428571428571429,4.571428571428571,4.285714285714286,4.142857142857143,3.857142857142857,3.5714285714285716,3.4285714285714284,3.2857142857142856,3.2857142857142856,3.3333333333333335,3.0,3.6666666666666665,3.0,3.0,3.0,3.0,2.8333333333333335,3.0,3.142857142857143,3.142857142857143,3.142857142857143,3.142857142857143,3.142857142857143,2.857142857142857,2.7142857142857144,2.4285714285714284,0,2.5714285714285716,2.857142857142857,3.142857142857143,3.4285714285714284,3.142857142857143,3.0,3.0,3.142857142857143,2.857142857142857,2.7142857142857144,2.7142857142857144,2.4285714285714284,2.2857142857142856,2.4285714285714284,2.7142857142857144,2.5714285714285716,2.5714285714285716,2.6666666666666665,2.5714285714285716,0,3.0,2.7142857142857144,3.0,3.0,2.5,2.5714285714285716,2.5714285714285716,2.5714285714285716,2.4285714285714284,11.0,2.7142857142857144,2.7142857142857144,2.857142857142857,3.142857142857143,3.5,3.0,3.6666666666666665,3.142857142857143,3.142857142857143,3.6666666666666665,3.2857142857142856,3.4285714285714284,3.6666666666666665,3.4285714285714284,4.166666666666667,3.857142857142857,3.6666666666666665,3.7142857142857144,3.5714285714285716,3.8333333333333335,3.7142857142857144,3.5714285714285716,3.8333333333333335,3.4285714285714284,3.8333333333333335,3.5714285714285716,3.5714285714285716,3.5714285714285716,3.4285714285714284,0,3.7142857142857144,4.142857142857143,4.0,4.285714285714286,4.0,3.857142857142857,3.5714285714285716,3.2857142857142856,3.2857142857142856,3.6666666666666665,3.2857142857142856,3.4285714285714284,3.4285714285714284,3.5714285714285716,3.857142857142857,3.857142857142857,3.7142857142857144,1.5,3.857142857142857,0,3.2857142857142856,3.4285714285714284,3.5,3.142857142857143,3.2857142857142856,3.5714285714285716,3.5714285714285716,3.7142857142857144,3.5714285714285716,19.0,3.5714285714285716,3.7142857142857144,3.5714285714285716,3.857142857142857,4.142857142857143,4.5,4.0,3.7142857142857144,4.0,4.5,4.142857142857143,4.142857142857143,3.7142857142857144,3.857142857142857,3.857142857142857,4.142857142857143,4.0,4.0,4.142857142857143,4.333333333333333,4.428571428571429,4.714285714285714,4.571428571428571,4.428571428571429,4.428571428571429,4.428571428571429,4.571428571428571,3.857142857142857,3.857142857142857,19.0,3.5714285714285716,3.857142857142857,4.0,4.0,3.857142857142857,4.0,3.857142857142857,3.7142857142857144,3.857142857142857,4.166666666666667,3.857142857142857,3.857142857142857,3.857142857142857,4.0,5.0,3.7142857142857144,3.4285714285714284,3.5714285714285716,4.0,0,4.0,3.4285714285714284,3.8333333333333335,3.8333333333333335,3.2857142857142856,3.142857142857143,3.0,3.0,3.0,4.75,3.1666666666666665,2.5714285714285716,3.1666666666666665,2.7142857142857144,2.5714285714285716,2.857142857142857,3.0,2.857142857142857,3.5,3.0,3.142857142857143,3.0,2.857142857142857,3.1666666666666665,2.7142857142857144,2.7142857142857144,2.5714285714285716,2.5714285714285716,3.1666666666666665,3.0,2.857142857142857,2.4285714285714284,2.857142857142857,3.0,3.0,2.857142857142857,3.0,3.3333333333333335,3.142857142857143,0,3.142857142857143,3.142857142857143,3.8,3.8,3.5,3.5,3.2857142857142856,3.4285714285714284,3.5714285714285716,3.8,3.4285714285714284,3.4285714285714284,3.2857142857142856,3.2857142857142856,3.2857142857142856,3.2857142857142856,3.6,3.2857142857142856,2.857142857142857,0,3.0,3.0,3.1666666666666665,3.0,3.0,2.857142857142857,3.0,3.0,3.4285714285714284,8.0,4.333333333333333,3.857142857142857,3.8333333333333335,3.7142857142857144,3.2857142857142856,3.142857142857143,2.857142857142857,3.142857142857143,3.4285714285714284,4.166666666666667,3.5714285714285716,3.4285714285714284,3.4285714285714284,3.6666666666666665,3.6666666666666665,3.4285714285714284,4.333333333333333,3.857142857142857,4.0,4.5,5.0,4.285714285714286,4.571428571428571,4.428571428571429,4.714285714285714,5.285714285714286,5.571428571428571,5.142857142857143,5.0,0,5.428571428571429,5.428571428571429,5.714285714285714,5.714285714285714,6.0,5.714285714285714,5.571428571428571,5.666666666666667,5.857142857142857,4.833333333333333,6.166666666666667,5.285714285714286,5.142857142857143,5.0,5.5,5.0,5.0,5.0,4.857142857142857,0,5.0,5.142857142857143,5.0,5.5,5.142857142857143,5.0,5.142857142857143,5.285714285714286,5.571428571428571,10.0,6.833333333333333,6.0,5.857142857142857,5.857142857142857,6.142857142857143,5.857142857142857,5.857142857142857,6.0,5.857142857142857,4.833333333333333,5.857142857142857,5.714285714285714,5.714285714285714,5.571428571428571,5.571428571428571,5.285714285714286,5.666666666666667,5.285714285714286,5.0,3.6666666666666665,4.285714285714286,4.285714285714286,4.285714285714286,4.428571428571429,4.428571428571429,4.428571428571429,4.285714285714286,4.857142857142857,4.857142857142857,0,4.857142857142857,4.857142857142857,4.8,5.0,4.571428571428571,5.166666666666667,5.166666666666667,4.166666666666667,3.7142857142857144,3.6,4.0,3.4285714285714284,3.7142857142857144,3.7142857142857144,3.4285714285714284,3.142857142857143,3.4285714285714284,3.4285714285714284,3.5714285714285716,0,3.7142857142857144,3.857142857142857,3.857142857142857,3.857142857142857,4.0,4.285714285714286,4.285714285714286,4.428571428571429,4.571428571428571,0,4.714285714285714,4.571428571428571,4.571428571428571,4.142857142857143,4.428571428571429,4.142857142857143,3.4285714285714284,3.7142857142857144,3.5714285714285716,4.0,3.0,2.5714285714285716,2.7142857142857144,2.7142857142857144,2.5714285714285716,3.142857142857143,3.0,2.857142857142857,2.857142857142857,3.2,3.0,3.2857142857142856,3.5714285714285716,3.0,3.142857142857143,3.2857142857142856,3.4285714285714284,3.857142857142857,3.5714285714285716,0,3.5,3.5714285714285716,2.3333333333333335,3.2857142857142856,3.7142857142857144,3.2857142857142856,3.3333333333333335,3.142857142857143,3.0,3.0,2.0,2.0,2.2857142857142856,2.142857142857143,2.142857142857143,2.0,2.2857142857142856,3.2857142857142856,3.2857142857142856,0,3.2857142857142856,3.2857142857142856,3.5714285714285716,4.142857142857143,5.0,4.857142857142857,5.0,4.857142857142857,5.285714285714286,0,5.285714285714286,5.142857142857143,5.142857142857143,4.857142857142857,4.285714285714286,4.714285714285714,5.333333333333333,4.857142857142857,4.714285714285714,5.6,5.0,5.166666666666667,4.714285714285714,4.714285714285714,5.142857142857143,5.285714285714286,5.428571428571429,4.833333333333333,5.428571428571429,5.5,5.714285714285714,5.428571428571429,6.0,6.0,6.0,6.428571428571429,6.714285714285714,6.857142857142857,7.0,0,6.285714285714286,7.142857142857143,6.857142857142857,6.571428571428571,6.714285714285714,7.142857142857143,7.0,7.428571428571429,7.142857142857143,4.6,6.714285714285714,7.166666666666667,7.0,7.285714285714286,6.857142857142857,6.571428571428571,6.714285714285714,7.0,7.285714285714286,0,7.714285714285714,7.714285714285714,7.571428571428571,7.428571428571429,7.142857142857143,7.428571428571429,7.285714285714286,7.285714285714286,7.428571428571429,12.0,7.285714285714286,7.142857142857143,7.285714285714286,7.0,7.285714285714286,7.285714285714286,7.571428571428571,7.285714285714286,7.285714285714286,7.166666666666667,7.857142857142857,7.857142857142857,8.142857142857142,8.428571428571429,9.285714285714286,9.142857142857142,9.428571428571429,9.714285714285714,9.714285714285714,9.166666666666666,9.285714285714286,9.285714285714286,8.833333333333334,9.428571428571429,9.428571428571429,9.714285714285714,9.285714285714286,9.428571428571429,9.428571428571429,0,9.714285714285714,9.857142857142858,9.714285714285714,9.714285714285714,9.571428571428571,8.714285714285714,9.285714285714286,9.571428571428571,10.142857142857142,9.5,9.428571428571429,9.428571428571429,9.428571428571429,9.142857142857142,10.166666666666666,9.571428571428571,9.857142857142858,10.0,10.285714285714286,0,9.857142857142858,9.428571428571429,9.142857142857142,9.166666666666666,9.0,8.714285714285714,9.0,8.714285714285714,8.714285714285714,10.5,8.142857142857142,8.142857142857142,8.142857142857142,8.142857142857142,8.0,8.285714285714286,8.285714285714286,7.857142857142857,7.714285714285714,8.6,8.0,8.0,8.333333333333334,8.166666666666666,8.0,7.666666666666667,7.5,7.666666666666667,7.5,9.0,7.166666666666667,7.166666666666667,7.333333333333333,7.333333333333333,7.333333333333333,7.5,7.166666666666667,7.166666666666667,7.0,0,7.5,7.5,7.666666666666667,7.166666666666667,7.333333333333333,7.5,7.5,7.333333333333333,7.166666666666667,7.333333333333333,7.666666666666667,8.0,8.0,7.833333333333333,8.333333333333334,8.5,8.5,8.333333333333334,9.0,0,8.5,9.2,10.333333333333334,10.0,10.166666666666666,10.666666666666666,10.833333333333334,11.0,11.333333333333334,18.0,11.666666666666666,11.5,11.166666666666666,11.166666666666666,11.333333333333334,11.166666666666666,11.0,11.333333333333334,11.333333333333334,10.5,10.833333333333334,10.833333333333334,10.833333333333334,10.833333333333334,10.5,10.0,9.6,10.333333333333334,10.5,10.4,9.666666666666666,9.666666666666666,9.166666666666666,8.5,8.5,8.333333333333334,8.5,8.666666666666666,8.833333333333334,0,9.666666666666666,9.833333333333334,10.166666666666666,10.0,9.833333333333334,10.333333333333334,10.333333333333334,10.333333333333334,10.333333333333334,10.8,10.5,10.333333333333334,10.666666666666666,10.166666666666666,10.333333333333334,10.166666666666666,10.166666666666666,9.666666666666666,9.666666666666666,0,9.833333333333334,9.833333333333334,10.0,10.0,10.333333333333334,10.0,9.666666666666666,10.166666666666666,10.166666666666666,13.666666666666666,9.833333333333334,9.666666666666666,9.666666666666666,9.5,9.166666666666666,9.166666666666666,9.4,9.5,9.333333333333334,10.0,9.5,9.833333333333334,9.666666666666666,9.833333333333334,9.833333333333334,9.833333333333334,9.5,9.666666666666666,9.666666666666666,7.75,9.666666666666666,9.833333333333334,9.833333333333334,10.0,10.0,10.166666666666666,10.333333333333334,9.666666666666666,9.833333333333334,0,10.5,10.333333333333334,10.333333333333334,10.166666666666666,10.166666666666666,9.833333333333334,9.666666666666666,10.25,9.666666666666666,11.5,9.833333333333334,9.833333333333334,9.833333333333334,9.833333333333334,9.833333333333334,9.666666666666666,9.666666666666666,9.666666666666666,9.666666666666666,0,10.166666666666666,10.166666666666666,10.166666666666666,10.0,10.0,10.0,10.0,11.0,9.833333333333334,11.0,9.833333333333334,9.833333333333334,9.833333333333334,9.833333333333334,9.833333333333334,9.833333333333334,9.833333333333334,9.833333333333334,10.0,11.2,10.0,10.0,10.0,10.0,10.0,9.833333333333334,9.833333333333334,9.833333333333334,10.166666666666666,11.2,10.166666666666666,10.166666666666666,10.166666666666666,10.166666666666666,10.166666666666666,9.833333333333334,9.2,9.833333333333334,9.666666666666666
0,9.666666666666666,9.666666666666666,9.833333333333334,9.833333333333334,9.833333333333334,9.833333333333334,9.833333333333334,9.833333333333334,9.4,10.8,9.833333333333334,9.666666666666666,10.0,10.0,10.0,10.166666666666666,10.166666666666666,10.333333333333334,10.333333333333334,0,10.333333333333334,10.333333333333334,12.25,11.2,10.166666666666666,10.333333333333334,10.333333333333334,10.5,10.5,10.8,11.2,11.2,10.333333333333334,10.333333333333334,10.333333333333334,11.2,10.333333333333334,11.0,10.666666666666666,11.2,11.6,10.833333333333334,10.833333333333334,11.6,10.833333333333334,10.833333333333334,10.833333333333334,10.666666666666666,10.833333333333334,12.5,11.0,11.0,11.0,11.0,11.0,11.6,12.5,10.833333333333334,11.333333333333334,8.5,11.5,11.4,11.666666666666666,11.666666666666666,11.333333333333334,11.333333333333334,12.0,12.0,11.166666666666666,13.0,11.166666666666666,11.166666666666666,11.166666666666666,11.166666666666666,11.0,11.0,11.0,11.0,11.0,0,11.6,10.833333333333334,10.833333333333334,10.833333333333334,11.0,11.166666666666666,11.166666666666666,11.333333333333334,10.4,12.0,11.333333333333334,11.333333333333334,11.5,11.8,11.8,11.8,12.4,11.333333333333334,11.8,13.75,11.5,11.5,11.833333333333334,11.833333333333334,11.833333333333334,11.833333333333334,11.833333333333334,11.666666666666666,11.666666666666666,14.5,11.5,12.0,11.5,11.5,11.5,11.5,11.5,11.5,11.5,0,11.666666666666666,11.666666666666666,11.666666666666666,11.666666666666666,11.666666666666666,11.666666666666666,11.666666666666666,11.666666666666666,11.666666666666666,12.8,11.666666666666666,11.5,11.5,11.5,11.5,11.5,11.5,11.5,11.5,0,11.166666666666666,11.0,11.166666666666666,11.166666666666666,11.166666666666666,11.166666666666666,11.166666666666666,11.166666666666666,11.166666666666666,12.2,11.166666666666666,11.166666666666666,11.166666666666666,11.166666666666666,11.166666666666666,11.166666666666666,11.166666666666666,11.166666666666666,11.166666666666666,12.2,11.166666666666666,11.166666666666666,11.166666666666666,11.333333333333334,11.333333333333334,11.333333333333334,11.333333333333334,11.333333333333334,11.333333333333334,12.4,11.5,11.5,11.5,11.5,11.5,11.5,11.5,11.333333333333334,11.333333333333334,11.25,11.333333333333334,11.333333333333334,11.333333333333334,11.333333333333334,11.333333333333334,11.333333333333334,11.333333333333334,11.333333333333334,11.333333333333334,12.6,11.333333333333334,11.333333333333334,11.333333333333334,11.333333333333334,11.333333333333334,11.333333333333334,11.333333333333334,11.333333333333334,11.333333333333334,0,11.333333333333334,11.333333333333334,11.333333333333334,11.333333333333334,11.333333333333334,11.333333333333334,11.333333333333334,11.333333333333334,11.333333333333334,11.333333333333334,11.333333333333334,11.333333333333334,11.333333333333334,11.333333333333334,11.333333333333334,11.333333333333334,11.333333333333334,11.8,10.0,12.0,11.5,11.5,11.5,11.5,11.5,11.5,11.5,11.5,11.5,12.0,11.5,11.5,11.5,11.5,11.5,11.833333333333334,11.833333333333334,11.833333333333334,11.833333333333334,14.25,12.0,11.833333333333334,11.666666666666666,11.5,11.333333333333334,11.333333333333334,11.0,11.333333333333334,11.333333333333334,12.2,11.333333333333334,11.333333333333334,11.333333333333334,11.333333333333334,11.333333333333334,11.333333333333334,11.333333333333334,11.5,11.5,0,11.666666666666666,11.833333333333334,11.666666666666666,11.666666666666666,11.666666666666666,11.666666666666666,11.666666666666666,12.6,11.666666666666666,12.6,11.666666666666666,11.666666666666666,11.666666666666666,11.666666666666666,11.666666666666666,12.8,11.666666666666666,11.666666666666666,11.666666666666666,14.25,11.833333333333334,11.833333333333334,11.833333333333334,11.833333333333334,11.833333333333334,11.666666666666666,11.333333333333334,11.166666666666666,11.0,13.5,10.833333333333334,10.833333333333334,10.666666666666666,10.666666666666666,10.666666666666666,10.666666666666666,10.666666666666666,10.666666666666666,10.666666666666666,13.5,10.833333333333334,10.833333333333334,10.833333333333334,10.833333333333334,10.833333333333334,10.833333333333334,10.833333333333334,10.833333333333334,10.833333333333334,13.5,10.833333333333334,10.833333333333334,10.833333333333334,10.833333333333334,10.833333333333334,10.833333333333334,10.833333333333334,10.833333333333334,10.833333333333334,0,10.833333333333334,10.833333333333334,10.833333333333334,10.833333333333334,10.833333333333334,10.833333333333334,10.666666666666666,10.666666666666666,10.5,11.8,10.5,10.5,10.5,10.5,10.5,10.5,10.5,10.5,10.5,11.8,10.5,10.5,10.5,10.5,10.5,10.5,10.5,10.5,10.5,11.8,10.5,11.6,10.5,10.5,10.5,10.5,10.5,10.333333333333334,9.833333333333334,12.75,9.5,9.333333333333334,9.333333333333334,9.5,9.5,9.5,9.333333333333334,9.333333333333334,9.333333333333334,12.25,9.333333333333334,9.333333333333334,9.333333333333334,9.333333333333334,9.333333333333334,9.333333333333334,9.333333333333334,9.333333333333334,9.333333333333334,0,9.333333333333334,9.166666666666666,9.166666666666666,9.166666666666666,9.166666666666666,8.833333333333334,8.833333333333334,8.833333333333334,8.833333333333334,10.0,7.4,8.833333333333334,8.833333333333334,8.833333333333334,8.833333333333334,8.833333333333334,8.833333333333334,8.833333333333334,8.833333333333334,10.0,8.833333333333334,8.666666666666666,8.666666666666666,8.666666666666666,8.666666666666666,8.5,8.0,7.833333333333333,7.833333333333333,8.6,7.5,7.5,7.333333333333333,7.333333333333333,7.333333333333333,7.333333333333333,7.166666666666667,7.166666666666667,7.0,0,6.833333333333333,6.833333333333333,6.833333333333333,6.833333333333333,6.666666666666667,6.5,6.5,6.0,6.0,6.8,5.666666666666667,5.833333333333333,5.833333333333333,6.0,6.333333333333333,6.333333333333333,6.166666666666667,6.5,6.166666666666667,0,6.166666666666667,6.166666666666667,6.166666666666667,6.0,5.666666666666667,5.833333333333333,6.0,6.333333333333333,6.166666666666667,15.0,6.0,5.5,5.333333333333333,5.666666666666667,5.5,5.333333333333333,5.166666666666667,5.166666666666667,5.166666666666667,5.25,5.166666666666667,6.2,5.0,5.0,5.0,4.333333333333333,4.833333333333333,4.833333333333333,4.666666666666667,5.0,6.0,6.5,7.166666666666667,7.5,7.5,6.5,5.833333333333333,6.0,5.166666666666667,0,5.0,5.166666666666667,4.666666666666667,4.666666666666667,4.666666666666667,4.5,4.333333333333333,4.666666666666667,4.666666666666667,4.0,4.666666666666667,4.833333333333333,4.333333333333333,4.333333333333333,4.166666666666667,5.0,5.0,5.333333333333333,5.666666666666667,0,5.666666666666667,5.8,6.333333333333333,6.5,6.2,6.5,5.833333333333333,6.166666666666667,6.0,12.0,5.0,5.333333333333333,5.5,5.666666666666667,5.0,4.333333333333333,4.833333333333333,4.8,4.333333333333333,5.0,5.0,4.333333333333333,4.333333333333333,4.5,4.333333333333333,5.166666666666667,5.333333333333333,5.833333333333333,6.0,7.2,7.666666666666667,8.166666666666666,8.833333333333334,9.166666666666666,9.166666666666666,9.666666666666666,10.4,10.833333333333334,11.5,0,11.333333333333334,11.5,11.333333333333334,11.166666666666666,10.5,10.5,10.333333333333334,10.666666666666666,10.0,12.5,10.333333333333334,10.5,10.666666666666666,10.5,9.833333333333334,9.4,9.333333333333334,9.333333333333334,9.0,0,8.666666666666666,8.5,8.5,9.0,9.0,8.833333333333334,9.333333333333334,9.166666666666666,9.333333333333334,11.0,8.833333333333334,8.666666666666666,8.6,8.333333333333334,8.166666666666666,8.166666666666666,8.333333333333334,8.166666666666666,8.166666666666666,9.0,8.5,8.333333333333334,8.5,8.333333333333334,8.166666666666666,8.0,8.333333333333334,8.166666666666666,8.0,8.8,8.666666666666666,8.666666666666666,9.166666666666666,8.833333333333334,8.833333333333334,8.333333333333334,8.333333333333334,6.6,8.333333333333334,0,8.333333333333334,8.5,8.5,8.5,8.0,8.0,7.666666666666667,7.833333333333333,8.0,10.0,8.5,8.0,7.666666666666667,7.5,7.333333333333333,7.5,7.666666666666667,7.833333333333333,7.833333333333333,0,7.166666666666667,5.0,7.5,7.5,7.0,6.5,6.333333333333333,6.166666666666667,5.833333333333333,18.0,6.0,6.0,6.166666666666667,6.166666666666667,5.833333333333333,6.166666666666667,7.2,6.166666666666667,6.0,6.25,6.5,6.666666666666667,6.666666666666667,6.833333333333333,7.0,6.833333333333333,6.0,6.0,5.5,4.25,5.166666666666667,4.666666666666667,4.666666666666667,4.666666666666667,4.666666666666667,4.833333333333333,4.833333333333333,4.833333333333333,4.666666666666667,0,4.333333333333333,4.166666666666667,4.166666666666667,4.333333333333333,4.333333333333333,4.0,3.8333333333333335,4.0,3.8333333333333335,2.6,4.0,3.6666666666666665,3.8333333333333335,3.8333333333333335,4.0,4.0,4.0,4.2,4.333333333333333,0,4.333333333333333,4.0,4.0,4.0,4.0,4.166666666666667,4.166666666666667,4.0,4.0,1.75,3.0,3.0,3.0,2.6666666666666665,2.8333333333333335,2.3333333333333335,2.1666666666666665,1.6666666666666667,1.8333333333333333,1.5,2.0,2.6666666666666665,3.0,3.0,3.1666666666666665,3.3333333333333335,3.0,2.8333333333333335,2.6666666666666665,2.25,3.3333333333333335,3.3333333333333335,3.3333333333333335,3.1666666666666665,3.5,3.5,4.0,4.0,3.8333333333333335,0,4.166666666666667,4.666666666666667,4.666666666666667,4.5,4.333333333333333,4.0,3.6666666666666665,3.3333333333333335,3.1666666666666665,3.4,3.1666666666666665,3.0,2.8333333333333335,2.6666666666666665,2.6666666666666665,2.6666666666666665,2.6666666666666665,2.8333333333333335,2.8333333333333335,0,2.5,2.3333333333333335,2.3333333333333335,2.1666666666666665,2.1666666666666665,2.1666666666666665,2.3333333333333335,2.3333333333333335,2.5,3.5,2.5,2.3333333333333335,2.1666666666666665,2.0,2.0,1.6666666666666667,1.8333333333333333,1.8333333333333333,2.0,2.6,2.3333333333333335,2.0,2.6666666666666665,2.6666666666666665,3.3333333333333335,4.5,4.333333333333333,4.166666666666667,4.166666666666667,4.6,4.0,4.0,4.333333333333333,4.5,4.5,4.333333333333333,4.0,4.0,4.0,0,3.8333333333333335,3.6666666666666665,3.5,3.5,3.3333333333333335,3.6666666666666665,3.8333333333333335,3.8333333333333335,3.6666666666666665,3.3333333333333335,3.1666666666666665,3.0,2.8333333333333335,2.6666666666666665,2.8333333333333335,2.5,2.5,2.8333333333333335,3.0,0,2.8333333333333335,2.3333333333333335,2.6666666666666665,2.5,2.1666666666666665,2.3333333333333335,2.6666666666666665,2.8,2.3333333333333335,5.0,2.6666666666666665,2.5,1.6,1.8333333333333333,1.8333333333333333,1.8333333333333333,2.0,2.0,2.0,2.4,1.6666666666666667,1.8333333333333333,1.6666666666666667,1.6666666666666667,1.5,1.6666666666666667,1.1666666666666667,1.1666666666666667,1.3333333333333333,1.4,1.5,1.3333333333333333,1.3333333333333333,1.5,1.5,1.3333333333333333,1.1666666666666667,1.3333333333333333,1.6666666666666667,0,1.5,1.6666666666666667,1.5,1.6666666666666667,1.6666666666666667,1.6666666666666667,1.5,1.3333333333333333,1.6666666666666667,2.0,1.6666666666666667,1.6666666666666667,1.6666666666666667,1.5,1.5,1.3333333333333333,1.5,1.6666666666666667,1.5,0,1.3333333333333333,1.5,1.5,1.5,1.3333333333333333,1.3333333333333333,1.3333333333333333,1.5,1.6666666666666667,3.3333333333333335,1.6666666666666667,2.0,2.1666666666666665,2.3333333333333335,2.75,2.3333333333333335,2.6,1.8333333333333333,1.8333333333333333,2.75,1.8333333333333333,1.8333333333333333,1.6666666666666667,1.6666666666666667,1.8333333333333333,2.0,1.8333333333333333,2.1666666666666665,2.6666666666666665,3.5,3.1666666666666665,3.1666666666666665,3.3333333333333335,3.4,3.1666666666666665,3.1666666666666665,3.1666666666666665,3.1666666666666665,3.0,0,3.1666666666666665,3.0,3.0,2.8333333333333335,2.6666666666666665,2.6,2.3333333333333335,2.1666666666666665,2.1666666666666665,3.3333333333333335,2.1666666666666665,2.1666666666666665,2.1666666666666665,2.1666666666666665,2.1666666666666665,2.1666666666666665,2.1666666666666665,2.1666666666666665,1.8333333333333333,0,2.3333333333333335,2.0,1.8333333333333333,1.5,1.5,1.3333333333333333,1.3333333333333333,1.3333333333333333,1.5,1.0,1.1666666666666667,1.3333333333333333,1.5,1.8333333333333333,1.3333333333333333,1.3333333333333333,1.3333333333333333,1.1666666666666667,1.5,1.25,2.0,1.3333333333333333,1.5,1.8333333333333333,2.1666666666666665,2.5,2.6666666666666665,2.3333333333333335,2.3333333333333335,2.75,3.0,2.8333333333333335,3.0,3.1666666666666665,3.0,3.3333333333333335,4.0,3.8333333333333335,3.8333333333333335,0,3.8333333333333335,3.8333333333333335,3.8333333333333335,3.6666666666666665,3.5,3.3333333333333335,3.3333333333333335,3.5,3.3333333333333335,4.25,3.5,3.3333333333333335,3.1666666666666665,3.0,2.8333333333333335,3.0,3.4,3.1666666666666665,3.5,0,3.6666666666666665,3.5,3.1666666666666665,3.3333333333333335,3.3333333333333335,3.8333333333333335,3.5,3.5,3.5,1.0,3.3333333333333335,3.1666666666666665,2.5,2.3333333333333335,2.3333333333333335,2.6666666666666665,2.4,2.6666666666666665,2.8333333333333335,2.8,3.0,3.0,3.2,3.5,3.5,3.6666666666666665,3.8333333333333335,3.8333333333333335,3.8333333333333335,3.4,3.3333333333333335,3.1666666666666665,3.6666666666666665,3.6666666666666665,3.6666666666666665,3.5,3.6666666666666665,3.3333333333333335,3.1666666666666665,0,3.5,3.5,3.5,3.1666666666666665,3.3333333333333335,3.3333333333333335,3.1666666666666665,3.1666666666666665,2.3333333333333335,2.2,2.0,1.8333333333333333,1.5,1.6666666666666667,1.5,1.5,1.6666666666666667,2.1666666666666665,2.1666666666666665,0,2.0,2.4,2.0,1.8333333333333333,2.1666666666666665,2.3333333333333335,2.3333333333333335,2.1666666666666665,2.3333333333333335,0.0,2.5,2.8333333333333335,3.0,3.5,3.5,3.2,4.166666666666667,4.166666666666667,3.6666666666666665,5.5,4.166666666666667,5.0,4.333333333333333,4.333333333333333,4.166666666666667,4.166666666666667,4.0,4.0,4.833333333333333,5.75,4.833333333333333,4.666666666666667,4.666666666666667,4.5,4.5,5.333333333333333,5.0,4.5,4.5,0,4.833333333333333,4.5,4.333333333333333,4.333333333333333,3.6666666666666665,3.6666666666666665,3.3333333333333335,2.5,2.1666666666666665,3.0,2.5,2.5,2.3333333333333335,2.5,2.3333333333333335,2.6666666666666665,2.6666666666666665,2.8333333333333335,3.3333333333333335,0,3.5,3.6666666666666665,3.4,3.6666666666666665,4.2,2.8333333333333335,2.5,2.3333333333333335,2.6666666666666665,6.0,2.5,2.6666666666666665,2.1666666666666665,1.8333333333333333,2.1666666666666665,2.0,2.3333333333333335,2.3333333333333335,2.3333333333333335,2.5,2.5,2.5,2.3333333333333335,1.8333333333333333,1.8333333333333333,2.1666666666666665,1.6666666666666667,1.3333333333333333,2.3333333333333335,2.4,2.3333333333333335,1.8333333333333333,2.1666666666666665,2.3333333333333335,2.3333333333333335,2.0,1.8333333333333333,2.3333333333333335,2.5,0,2.5,2.0,2.3333333333333335,2.0,2.1666666666666665,2.0,2.2,2.0,1.6666666666666667,2.25,2.0,2.0,2.4,2.6,2.8,3.0,3.0,2.8,3.0,0,3.2,3.2,3.75,3.2,3.8333333333333335,3.6666666666666665,4.5,3.8333333333333335,4.0,3.0,3.5,3.5,4.4,4.5,4.166666666666667,4.5,4.6,4.666666666666667,4.833333333333333,5.0,4.333333333333333,4.4,4.666666666666667,4.833333333333333,4.4,4.5,4.4,4.833333333333333,5.0,5.75,5.833333333333333,5.8,5.833333333333333,6.2,5.666666666666667,5.333333333333333,5.166666666666667,4.833333333333333,4.833333333333333,0,5.4,4.333333333333333,4.0,3.6,3.8333333333333335,4.4,4.0,4.0,4.166666666666667,4.4,5.0,4.333333333333333,4.166666666666667,4.166666666666667,4.6,4.166666666666667,4.333333333333333,4.5,4.166666666666667,0,4.666666666666667,4.333333333333333,4.333333333333333,4.333333333333333,4.666666666666667,4.666666666666667,4.666666666666667,4.666666666666667,4.5,9.0,4.5,4.5,5.2,4.5,4.666666666666667,5.0,5.0,5.166666666666667,5.166666666666667,5.8,4.666666666666667,4.666666666666667,4.833333333333333,5.166666666666667,5.5,5.5,5.666666666666667,5.666666666666667,5.333333333333333,5.6,5.333333333333333,5.166666666666667,5.166666666666667,5.166666666666667,5.0,5.333333333333333,5.333333333333333,4.833333333333333,5.0,0,5.166666666666667,5.0,5.166666666666667,5.333333333333333,5.333333333333333,5.166666666666667,5.0,5.0,5.5,6.0,5.333333333333333,5.5,6.0,6.0,5.833333333333333,6.0,6.0,6.0,5.666666666666667,0,5.5,5.833333333333333,6.166666666666667,6.0,6.166666666666667,6.166666666666667,6.333333333333333,6.333333333333333,6.5,8.5,6.666666666666667,6.666666666666667,7.166666666666667,7.5,7.833333333333333,8.166666666666666,8.166666666666666,8.166666666666666,7.2,8.333333333333334,8.5,8.333333333333334,8.5,8.166666666666666,8.166666666666666,8.0,8.333333333333334,8.333333333333334,8.166666666666666,7.666666666666667,7.833333333333333,7.666666666666667,7.666666666666667,7.666666666666667,7.666666666666667,7.666666666666667,7.833333333333333,8.0,8.0,0,8.333333333333334,8.333333333333334,8.666666666666666,8.666666666666666,8.666666666666666,8.0,8.0,8.0,8.0,7.666666666666667,7.833333333333333,8.0,8.0,7.666666666666667,7.5,7.5,7.333333333333333,7.333333333333333,7.333333333333333,0,7.5,8.166666666666666,8.333333333333334,8.833333333333334,8.666666666666666,8.5,8.333333333333334,8.5,8.833333333333334,8.6,9.166666666666666,9.166666666666666,9.0,9.333333333333334,9.5,9.333333333333334,9.333333333333334,9.333333333333334,9.333333333333334,9.666666666666666,9.666666666666666,9.833333333333334,10.0,10.166666666666666,10.0,10.0,9.833333333333334,9.833333333333334,9.833333333333334,9.666666666666666,9.5,9.5,9.333333333333334,9.333333333333334,9.166666666666666,9.5,10.0,10.0,10.166666666666666,0,10.166666666666666,10.5,10.666666666666666,10.666666666666666,10.5,10.5,10.5,11.0,10.833333333333334,10.833333333333334,11.0,11.0,11.166666666666666,11.0,11.0,11.0,11.0,11.0,11.0,0,10.833333333333334,11.2,10.666666666666666,10.833333333333334,10.666666666666666,10.833333333333334,10.2,10.833333333333334,10.833333333333334,11.8,11.0,10.833333333333334,10.833333333333334,10.833333333333334,10.833333333333334,10.833333333333334,10.833333333333334,10.833333333333334,10.666666666666666,11.4,11.0,11.0,11.0,12.6,10.4,11.0,10.5,10.333333333333334,9.833333333333334,13.0,10.0,9.833333333333334,9.833333333333334,10.166666666666666,10.166666666666666,10.5,10.5,10.5,10.333333333333334
0,10.5,10.5,10.666666666666666,10.5,10.333333333333334,10.333333333333334,10.333333333333334,10.333333333333334,9.8,12.75,10.333333333333334,10.333333333333334,10.5,10.333333333333334,10.5,10.5,10.5,10.5,10.5,0,10.833333333333334,10.833333333333334,11.166666666666666,11.166666666666666,11.0,11.0,10.833333333333334,11.0,11.166666666666666,12.666666666666666,11.166666666666666,11.166666666666666,10.4,10.6,11.333333333333334,11.333333333333334,11.333333333333334,12.0,11.5,12.0,12.2,11.666666666666666,11.666666666666666,11.666666666666666,11.833333333333334,11.833333333333334,11.833333333333334,11.833333333333334,11.833333333333334,14.25,11.833333333333334,11.833333333333334,11.833333333333334,11.833333333333334,11.833333333333334,11.833333333333334,12.0,12.166666666666666,12.166666666666666,16.0,11.833333333333334,11.833333333333334,11.833333333333334,12.6,11.833333333333334,11.0,11.666666666666666,11.833333333333334,12.0,12.8,12.5,12.5,12.5,12.666666666666666,12.666666666666666,12.666666666666666,12.5,12.5,12.5,0,11.6,12.5,12.5,12.5,12.5,12.5,12.5,12.666666666666666,12.666666666666666,11.8,12.666666666666666,12.666666666666666,12.666666666666666,12.666666666666666,12.833333333333334,12.833333333333334,13.0,13.0,13.0,13.0,13.0,13.0,13.0,13.0,13.8,13.0,13.0,12.833333333333334,12.833333333333334,12.833333333333334,12.833333333333334,14.4,13.4,12.666666666666666,12.666666666666666,12.666666666666666,13.4,12.666666666666666,12.666666666666666,0,12.666666666666666,12.666666666666666,12.666666666666666,12.666666666666666,12.666666666666666,12.666666666666666,12.666666666666666,12.666666666666666,12.666666666666666,12.666666666666666,12.666666666666666,12.666666666666666,12.666666666666666,12.666666666666666,12.666666666666666,12.666666666666666,12.5,12.5,12.5,0,12.333333333333334,12.333333333333334,12.333333333333334,12.333333333333334,12.333333333333334,12.333333333333334,12.333333333333334,12.333333333333334,12.333333333333334,12.333333333333334,12.333333333333334,12.166666666666666,12.166666666666666,12.166666666666666,12.166666666666666,12.166666666666666,12.166666666666666,12.166666666666666,12.166666666666666,12.166666666666666,12.166666666666666,12.166666666666666,12.166666666666666,12.333333333333334,12.333333333333334,12.333333333333334,12.333333333333334,12.333333333333334,12.333333333333334,12.333333333333334,12.333333333333334,12.333333333333334,12.333333333333334,12.333333333333334,12.333333333333334,12.333333333333334,12.333333333333334,12.333333333333334,12.333333333333334,12.333333333333334,12.333333333333334,12.333333333333334,12.333333333333334,12.333333333333334,12.333333333333334,12.333333333333334,12.333333333333334,12.333333333333334,12.333333333333334,12.333333333333334,12.333333333333334,12.166666666666666,12.166666666666666,12.166666666666666,12.166666666666666,12.166666666666666,12.166666666666666,12.166666666666666,12.166666666666666,0,12.166666666666666,12.166666666666666,12.166666666666666,12.0,12.0,12.0,12.0,12.0,12.0,12.0,12.0,12.0,12.166666666666666,12.166666666666666,12.166666666666666,12.0,13.4,12.0,12.0,13.4,12.0,12.0,12.0,12.0,12.0,12.0,12.0,12.0,12.0,13.4,12.0,12.0,12.0,12.4,12.0,12.0,12.0,12.0,12.8,13.333333333333334,12.166666666666666,12.166666666666666,12.166666666666666,12.166666666666666,12.166666666666666,12.166666666666666,12.166666666666666,12.166666666666666,12.166666666666666,14.5,12.166666666666666,12.166666666666666,12.166666666666666,12.166666666666666,12.166666666666666,12.166666666666666,12.166666666666666,12.166666666666666,12.166666666666666,0,12.166666666666666,12.166666666666666,10.0,12.166666666666666,12.166666666666666,12.166666666666666,12.166666666666666,12.166666666666666,12.166666666666666,13.6,12.6,12.166666666666666,12.166666666666666,12.166666666666666,12.166666666666666,12.0,12.0,12.0,12.0,14.25,11.833333333333334,11.833333333333334,11.666666666666666,11.666666666666666,11.666666666666666,11.666666666666666,11.666666666666666,11.666666666666666,11.0,13.0,11.0,10.833333333333334,10.666666666666666,10.666666666666666,10.666666666666666,10.666666666666666,10.666666666666666,10.666666666666666,10.666666666666666,11.0,10.666666666666666,10.5,10.5,10.666666666666666,10.666666666666666,10.666666666666666,10.666666666666666,10.666666666666666,10.666666666666666,11.0,10.666666666666666,10.666666666666666,10.666666666666666,10.666666666666666,10.666666666666666,10.666666666666666,10.666666666666666,10.833333333333334,10.833333333333334,0,10.833333333333334,10.833333333333334,10.833333333333334,10.833333333333334,11.0,11.0,11.0,11.0,11.0,11.2,11.166666666666666,11.166666666666666,10.833333333333334,10.666666666666666,10.5,10.5,10.5,10.5,10.5,10.6,10.333333333333334,10.333333333333334,9.2,10.5,10.5,10.5,10.5,10.5,10.5,10.4,10.5,10.5,10.5,10.5,10.5,10.333333333333334,10.333333333333334,10.333333333333334,9.833333333333334,9.0,9.833333333333334,9.833333333333334,9.833333333333334,9.833333333333334,9.833333333333334,10.0,10.0,9.5,9.666666666666666,9.666666666666666,9.666666666666666,9.666666666666666,9.666666666666666,9.666666666666666,9.666666666666666,9.666666666666666,9.666666666666666,9.833333333333334,9.833333333333334,0,9.833333333333334,9.833333333333334,9.833333333333334,9.833333333333334,9.833333333333334,9.833333333333334,9.833333333333334,9.833333333333334,10.0,10.166666666666666,10.166666666666666,10.0,10.0,10.0,9.833333333333334,9.666666666666666,9.666666666666666,9.666666666666666,9.5,9.333333333333334,9.166666666666666,9.166666666666666,9.166666666666666,9.166666666666666,9.166666666666666,9.166666666666666,9.166666666666666,9.0,9.0,9.0,9.166666666666666,9.166666666666666,9.166666666666666,9.0,9.0,9.0,9.0,8.833333333333334,8.666666666666666,0,8.5,8.5,8.5,8.5,8.333333333333334,8.5,8.333333333333334,8.166666666666666,8.333333333333334,8.5,8.5,8.666666666666666,8.5,8.5,8.166666666666666,8.0,8.0,8.0,7.833333333333333,0,8.0,7.833333333333333,8.0,8.0,8.166666666666666,8.333333333333334,8.5,9.0,9.0,0,8.833333333333334,8.833333333333334,8.5,8.5,8.5,8.166666666666666,8.0,8.0,7.833333333333333,8.166666666666666,8.166666666666666,7.833333333333333,7.666666666666667,7.833333333333333,7.333333333333333,6.833333333333333,7.0,6.666666666666667,6.666666666666667,8.333333333333334,8.0,7.0,8.166666666666666,7.833333333333333,8.8,7.333333333333333,8.6,8.5,7.833333333333333,0,7.833333333333333,8.166666666666666,7.2,8.0,8.0,8.0,7.666666666666667,8.0,8.166666666666666,8.4,8.166666666666666,7.666666666666667,7.833333333333333,7.666666666666667,7.333333333333333,7.166666666666667,7.166666666666667,7.166666666666667,6.333333333333333,0,6.5,6.833333333333333,7.0,7.666666666666667,7.0,8.0,8.166666666666666,7.333333333333333,6.5,0,6.5,6.333333333333333,6.333333333333333,6.0,5.666666666666667,5.833333333333333,5.5,5.833333333333333,5.833333333333333,6.0,6.166666666666667,6.0,6.166666666666667,7.166666666666667,7.5,6.833333333333333,7.833333333333333,8.166666666666666,8.0,8.2,8.666666666666666,9.333333333333334,9.166666666666666,10.5,10.5,12.333333333333334,12.833333333333334,13.166666666666666,13.833333333333334,0,14.0,14.166666666666666,13.833333333333334,13.5,13.666666666666666,13.5,13.5,13.333333333333334,13.5,13.5,13.0,12.333333333333334,12.5,12.666666666666666,12.333333333333334,12.0,11.833333333333334,12.166666666666666,11.5,0,11.0,11.5,10.5,10.5,10.833333333333334,11.333333333333334,10.833333333333334,11.0,11.333333333333334,0,11.333333333333334,11.0,11.0,11.166666666666666,10.833333333333334,10.5,10.5,9.833333333333334,9.833333333333334,9.833333333333334,9.833333333333334,9.5,9.833333333333334,10.333333333333334,10.333333333333334,10.333333333333334,9.833333333333334,9.5,9.5,10.333333333333334,10.166666666666666,10.0,10.333333333333334,10.666666666666666,10.833333333333334,10.666666666666666,11.0,10.666666666666666,10.0,0,10.166666666666666,10.166666666666666,10.0,9.833333333333334,9.833333333333334,9.5,9.666666666666666,9.0,8.666666666666666,9.0,9.166666666666666,9.0,8.833333333333334,8.666666666666666,8.833333333333334,9.0,8.833333333333334,8.833333333333334,8.833333333333334,0,8.833333333333334,8.666666666666666,7.666666666666667,7.5,7.5,7.666666666666667,7.666666666666667,8.166666666666666,8.166666666666666,16.0,7.833333333333333,8.0,8.166666666666666,7.833333333333333,7.8,7.5,8.4,7.833333333333333,7.833333333333333,7.5,7.166666666666667,6.833333333333333,7.8,6.833333333333333,7.4,6.833333333333333,6.666666666666667,6.166666666666667,6.333333333333333,6.0,6.0,6.0,6.0,5.833333333333333,5.833333333333333,5.0,5.666666666666667,5.333333333333333,5.0,0,4.833333333333333,4.333333333333333,4.333333333333333,4.166666666666667,4.166666666666667,4.0,4.0,4.166666666666667,4.0,4.0,3.8333333333333335,3.6666666666666665,3.5,3.8333333333333335,3.8333333333333335,3.3333333333333335,3.1666666666666665,2.8333333333333335,2.8333333333333335,0,2.8333333333333335,3.3333333333333335,2.8333333333333335,2.5,2.6666666666666665,2.5,2.3333333333333335,2.5,2.6666666666666665,3.0,2.6666666666666665,2.5,2.5,3.0,3.3333333333333335,3.3333333333333335,3.5,3.1666666666666665,3.1666666666666665,3.1666666666666665,2.8333333333333335,3.0,3.0,3.5,3.5,3.3333333333333335,3.5,3.6666666666666665,3.8333333333333335,3.6666666666666665,3.2,3.8,2.8333333333333335,2.6666666666666665,2.6666666666666665,2.6666666666666665,2.6666666666666665,2.6666666666666665,2.6666666666666665,0,2.3333333333333335,2.3333333333333335,2.3333333333333335,2.3333333333333335,2.6666666666666665,2.8333333333333335,2.1666666666666665,1.8333333333333333,1.8333333333333333,2.0,2.3333333333333335,2.1666666666666665,2.0,1.8333333333333333,1.8333333333333333,1.5,1.6666666666666667,1.3333333333333333,1.1666666666666667,0,1.1666666666666667,1.1666666666666667,1.0,1.1666666666666667,0.5,0.8333333333333334,0.8333333333333334,0.8333333333333334,0.8333333333333334,1.0,0.8333333333333334,1.0,0.8333333333333334,0.6666666666666666,1.0,0.6,0.8333333333333334,1.1666666666666667,1.0,1.2,1.6666666666666667,1.0,1.1666666666666667,1.3333333333333333,1.3333333333333333,1.0,1.0,1.3333333333333333,1.3333333333333333,1.1666666666666667,1.1666666666666667,1.1666666666666667,1.1666666666666667,1.3333333333333333,1.3333333333333333,1.1666666666666667,1.1666666666666667,1.0,1.0,0,1.0,1.3333333333333333,1.5,1.5,1.6666666666666667,1.6666666666666667,2.3333333333333335,2.5,2.5,2.5,2.1666666666666665,2.3333333333333335,2.1666666666666665,2.1666666666666665,1.6666666666666667,1.3333333333333333,1.6666666666666667,1.1666666666666667,1.0,0,1.3333333333333333,1.3333333333333333,1.6666666666666667,1.8333333333333333,1.3333333333333333,1.1666666666666667,1.3333333333333333,1.6666666666666667,1.8333333333333333,1.3333333333333333,1.6666666666666667,1.6666666666666667,2.3333333333333335,2.3333333333333335,2.6666666666666665,2.6666666666666665,2.8333333333333335,2.6666666666666665,2.8333333333333335,2.8333333333333335,2.6666666666666665,2.6666666666666665,2.8333333333333335,2.5,2.6666666666666665,3.0,2.5,2.3333333333333335,2.1666666666666665,2.5,2.3333333333333335,2.3333333333333335,2.3333333333333335,2.3333333333333335,2.3333333333333335,2.5,2.3333333333333335,2.3333333333333335,2.5,0,2.8333333333333335,2.8333333333333335,2.6666666666666665,2.8333333333333335,2.8333333333333335,3.0,2.8333333333333335,3.0,3.0,3.1666666666666665,3.0,2.6666666666666665,2.8333333333333335,3.3333333333333335,3.3333333333333335,3.0,3.0,3.0,2.6666666666666665,0,2.6666666666666665,2.6666666666666665,2.6666666666666665,2.5,2.3333333333333335,2.1666666666666665,2.4,1.8333333333333333,2.3333333333333335,1.5,2.3333333333333335,2.3333333333333335,2.8333333333333335,2.6666666666666665,2.8333333333333335,2.6666666666666665,2.5,2.3333333333333335,2.3333333333333335,2.0,2.1666666666666665,2.1666666666666665,2.1666666666666665,2.1666666666666665,2.1666666666666665,2.3333333333333335,2.5,2.3333333333333335,2.8333333333333335,2.5,2.6666666666666665,2.8333333333333335,3.0,2.8333333333333335,2.8333333333333335,3.3333333333333335,3.5,3.5,3.6666666666666665,0,4.166666666666667,4.5,4.333333333333333,4.5,4.5,4.5,4.333333333333333,4.0,4.166666666666667,4.0,3.6666666666666665,3.3333333333333335,3.0,3.3333333333333335,4.0,3.5,3.3333333333333335,3.5,3.1666666666666665,0,2.8333333333333335,2.8333333333333335,2.8333333333333335,2.8333333333333335,3.0,3.0,3.3333333333333335,3.3333333333333335,3.5,4.0,3.3333333333333335,3.5,3.6666666666666665,3.8333333333333335,3.5,3.6666666666666665,3.4,3.3333333333333335,3.1666666666666665,2.8,3.0,3.2,2.6666666666666665,2.8333333333333335,2.6666666666666665,2.6666666666666665,2.5,2.5,2.8333333333333335,3.25,2.6666666666666665,2.8333333333333335,2.6666666666666665,2.8333333333333335,2.8333333333333335,3.1666666666666665,3.3333333333333335,3.5,3.6666666666666665,0,3.5,4.0,4.0,3.8333333333333335,3.6666666666666665,4.0,4.166666666666667,4.333333333333333,4.0,4.75,4.166666666666667,4.0,4.166666666666667,4.166666666666667,4.166666666666667,4.166666666666667,4.166666666666667,4.5,4.333333333333333,0,4.0,4.166666666666667,3.8333333333333335,4.166666666666667,4.166666666666667,3.8333333333333335,3.5,3.6666666666666665,3.3333333333333335,0,3.1666666666666665,3.1666666666666665,3.5,3.3333333333333335,3.5,3.5,3.5,3.8333333333333335,3.5,4.0,3.3333333333333335,3.0,3.0,3.1666666666666665,3.3333333333333335,3.5,3.6666666666666665,3.3333333333333335,2.8333333333333335,3.0,2.6666666666666665,3.0,2.8333333333333335,2.8333333333333335,2.8333333333333335,2.5,2.8333333333333335,3.1666666666666665,3.6666666666666665,0,3.8333333333333335,3.8333333333333335,3.6666666666666665,3.6666666666666665,3.3333333333333335,2.8333333333333335,2.6666666666666665,2.6666666666666665,2.1666666666666665,2.0,1.8333333333333333,1.6666666666666667,1.8333333333333333,2.0,2.0,1.8333333333333333,2.0,2.3333333333333335,2.6666666666666665,0,2.6666666666666665,3.1666666666666665,3.1666666666666665,2.8333333333333335,3.0,3.5,3.8333333333333335,4.0,3.8333333333333335,0,3.8333333333333335,4.0,4.666666666666667,4.833333333333333,4.833333333333333,4.5,4.0,4.333333333333333,4.333333333333333,3.4,3.6666666666666665,4.333333333333333,5.166666666666667,4.666666666666667,4.333333333333333,3.8333333333333335,3.6666666666666665,3.6666666666666665,3.3333333333333335,3.3333333333333335,3.5,3.6666666666666665,3.8333333333333335,3.6666666666666665,3.6666666666666665,4.666666666666667,5.166666666666667,5.5,5.333333333333333,0,4.833333333333333,5.0,5.166666666666667,5.166666666666667,5.333333333333333,4.0,3.6666666666666665,2.8333333333333335,2.6666666666666665,2.6666666666666665,3.0,2.3333333333333335,2.1666666666666665,2.0,1.6666666666666667,1.3333333333333333,1.3333333333333333,1.5,1.5,0,0.8333333333333334,0.8333333333333334,1.3333333333333333,1.3333333333333333,1.6666666666666667,1.8333333333333333,1.8333333333333333,1.6666666666666667,1.8333333333333333,0,1.5,1.5,1.3333333333333333,0.6666666666666666,0.6666666666666666,0.16666666666666666,0.8333333333333334,0.8333333333333334,1.1666666666666667,1.0,1.1666666666666667,1.5,1.5,1.5,1.8333333333333333,1.6666666666666667,1.6666666666666667,1.8333333333333333,1.8333333333333333,2.6666666666666665,2.6666666666666665,3.0,3.3333333333333335,3.1666666666666665,3.1666666666666665,3.1666666666666665,3.1666666666666665,3.3333333333333335,3.3333333333333335,0,3.1666666666666665,3.6666666666666665,3.8333333333333335,4.333333333333333,4.666666666666667,5.333333333333333,5.333333333333333,5.166666666666667,5.833333333333333,6.333333333333333,6.166666666666667,6.166666666666667,6.0,5.833333333333333,5.5,5.833333333333333,6.0,6.166666666666667,6.0,0,5.166666666666667,5.5,5.666666666666667,5.333333333333333,5.166666666666667,5.0,5.0,4.833333333333333,4.833333333333333,0,4.8,5.5,5.0,5.166666666666667,5.166666666666667,5.666666666666667,5.833333333333333,5.666666666666667,5.666666666666667,5.5,5.333333333333333,4.5,4.666666666666667,5.0,5.166666666666667,5.333333333333333,5.6,5.5,5.5,6.0,5.666666666666667,5.666666666666667,5.833333333333333,5.833333333333333,5.833333333333333,5.2,6.333333333333333,6.166666666666667,6.333333333333333,0,6.5,6.666666666666667,6.833333333333333,7.166666666666667,7.166666666666667,7.0,6.5,6.666666666666667,6.333333333333333,6.8,5.833333333333333,5.833333333333333,6.0,5.833333333333333,5.666666666666667,5.333333333333333,5.833333333333333,5.833333333333333,6.0,0,6.0,6.166666666666667,6.166666666666667,6.166666666666667,6.0,6.0,6.0,5.833333333333333,6.6,4.5,5.666666666666667,6.0,6.166666666666667,6.166666666666667,6.333333333333333,7.2,6.5,6.666666666666667,6.333333333333333,7.0,6.333333333333333,6.5,7.0,7.0,7.0,7.166666666666667,7.166666666666667,7.166666666666667,7.166666666666667,6.6,7.333333333333333,7.166666666666667,7.166666666666667,7.333333333333333,7.333333333333333,7.166666666666667,7.333333333333333,7.333333333333333,7.333333333333333,0,7.666666666666667,7.833333333333333,8.166666666666666,8.166666666666666,8.333333333333334,8.333333333333334,8.666666666666666,8.833333333333334,8.833333333333334,7.8,8.5,8.833333333333334,9.333333333333334,9.666666666666666,9.833333333333334,9.666666666666666,10.0,9.833333333333334,10.166666666666666,0,10.666666666666666,10.166666666666666,10.333333333333334,10.5,10.833333333333334,11.166666666666666,11.333333333333334,11.666666666666666,11.5,6.5,11.333333333333334,11.166666666666666,11.333333333333334,11.166666666666666,11.166666666666666,11.5,11.5,11.0,11.0,11.166666666666666,11.5,10.833333333333334,11.0,10.833333333333334,10.5,10.333333333333334,10.5,10.666666666666666,10.666666666666666,10.5,10.833333333333334,10.333333333333334,11.166666666666666,11.166666666666666,11.166666666666666,11.166666666666666,11.5,11.5,11.666666666666666,0,11.166666666666666,11.0,11.166666666666666,11.666666666666666,11.666666666666666,11.166666666666666,11.166666666666666,11.166666666666666,11.5,11.666666666666666,12.166666666666666,12.0,11.833333333333334,11.833333333333334,12.0,12.0,12.833333333333334,12.833333333333334,12.833333333333334,0,13.333333333333334,12.833333333333334,12.833333333333334,13.0,13.5,13.5,13.666666666666666,13.666666666666666,14.166666666666666,11.25,14.166666666666666,14.0,14.166666666666666,13.833333333333334,13.5,13.666666666666666,13.833333333333334,14.0,14.0,14.166666666666666,14.166666666666666,13.833333333333334,13.5,13.333333333333334,13.666666666666666,13.5,13.333333333333334,13.666666666666666,14.0,14.0,13.833333333333334,12.4,13.833333333333334,13.666666666666666,14.333333333333334,14.333333333333334,14.666666666666666,14.666666666666666,14.666666666666666,0,14.666666666666666,14.666666666666666,14.833333333333334,15.0,14.833333333333334,15.0,15.166666666666666,15.166666666666666,15.333333333333334,14.4,15.166666666666666,15.166666666666666,14.2,15.166666666666666,15.333333333333334,15.333333333333334,15.5,15.833333333333334,15.833333333333334,0,16.0,16.166666666666668,16.333333333333332,16.333333333333332,16.166666666666668,16.0,15.5,15.333333333333334,15.166666666666666,14.0,15.0,15.0,15.0,15.166666666666666,15.0,14.833333333333334,14.5,14.166666666666666,13.5,12.25,13.0,13.0,13.0,12.833333333333334,12.666666666666666,12.666666666666666,13.0,13.0,12.833333333333334,13.4,13.0,13.0,13.0,12.833333333333334,12.833333333333334,13.0,12.833333333333334,12.666666666666666,12.666666666666666
0,13.6,13.8,14.0,14.2,14.4,14.4,14.4,13.4,13.2,13.0,13.0,13.0,13.0,13.0,13.2,13.4,13.4,13.6,13.4,0,13.8,14.0,14.0,14.0,14.0,14.0,14.0,14.0,14.2,13.0,14.5,14.8,14.4,15.5,14.6,14.8,14.8,14.8,14.8,13.25,14.8,15.0,15.0,15.0,13.4,11.75,11.2,11.0,10.6,10.5,12.0,11.0,11.0,11.0,11.0,10.8,10.8,10.8,10.8,9.0,11.0,11.0,10.8,10.8,11.0,11.0,11.0,11.0,11.0,10.75,11.4,11.4,11.0,10.75,11.4,11.6,11.6,11.6,11.8,0,11.8,11.8,13.0,11.8,11.25,12.0,13.25,12.0,11.5,11.6,11.6,11.6,11.8,11.8,11.4,11.4,11.6,11.4,11.4,11.4,11.6,11.8,11.8,11.8,11.8,11.5,11.8,11.8,11.8,11.8,11.8,11.8,11.8,11.8,11.5,11.8,11.8,11.8,11.8,0,11.8,11.8,11.8,11.5,11.8,11.8,11.8,11.6,11.4,11.2,11.2,11.2,11.2,11.2,11.2,11.75,11.0,11.0,11.0,0,11.0,11.0,11.0,11.0,11.0,11.0,11.0,10.8,10.8,10.6,10.8,10.8,10.8,10.6,10.6,10.6,10.6,10.6,10.4,10.4,10.4,10.2,10.2,10.2,10.2,10.2,10.2,10.2,10.2,10.0,10.0,10.2,10.0,10.0,10.0,10.0,10.4,10.6,10.6,10.6,11.0,11.0,10.6,11.0,10.6,10.6,10.6,9.5,10.4,10.4,10.4,10.4,10.4,10.4,11.25,10.4,10.4,10.2,9.8,0,9.8,9.8,9.8,9.8,9.8,9.6,9.6,9.6,9.6,10.5,9.6,9.6,10.5,9.4,9.4,9.4,10.0,9.0,9.0,9.75,9.2,9.2,9.2,9.2,9.2,9.2,9.4,9.4,10.0,9.6,9.6,9.6,9.6,9.6,9.6,9.6,9.6,9.6,9.6,9.0,9.6,9.6,9.6,9.6,9.6,8.5,9.6,9.6,9.6,9.0,9.6,9.6,9.6,9.6,9.6,9.6,9.6,9.6,9.6,0,9.2,9.2,9.2,9.2,9.2,9.2,9.2,9.2,9.2,8.666666666666666,9.2,9.2,9.2,9.2,9.2,9.0,9.0,9.0,9.2,9.0,9.2,9.2,9.2,9.2,9.2,9.2,9.2,9.0,9.0,9.0,9.0,9.0,9.0,9.0,9.0,9.0,9.0,9.75,9.0,7.0,9.2,9.4,9.4,9.6,9.6,9.6,9.8,9.8,9.8,9.0,9.6,9.6,9.6,9.6,9.6,9.6,9.6,9.6,9.6,0,9.6,9.6,9.6,9.6,9.6,9.6,9.6,9.6,9.6,9.0,9.6,9.6,9.6,9.6,9.6,9.6,9.8,9.8,9.8,9.0,9.6,9.6,9.6,9.6,9.6,9.6,9.6,9.6,9.6,8.75,9.6,9.6,9.6,9.6,9.6,9.6,9.6,9.6,9.6,9.6,9.0,9.0,9.2,9.0,8.8,8.8,8.25,8.6,8.25,8.6,8.6,8.25,8.6,8.6,8.25,8.6,8.0,9.0,7.8,0,7.8,7.8,7.8,7.8,7.8,7.8,7.8,7.6,7.6,7.6,7.6,7.8,7.8,7.6,7.6,7.6,7.6,7.6,7.6,7.6,7.6,7.4,7.4,7.4,7.4,7.4,7.0,7.0,7.0,7.0,7.0,6.8,6.6,6.6,6.6,6.8,6.6,6.6,6.4,5.5,6.2,6.2,6.2,6.2,6.0,6.4,6.4,6.6,6.6,6.6,6.8,6.8,6.8,6.8,6.8,6.4,6.4,6.6,6.6,0,6.8,6.8,6.8,6.6,6.6,6.6,6.6,6.6,6.6,5.5,6.6,6.4,6.2,6.2,6.2,6.2,6.2,6.2,6.2,6.2,6.2,6.2,7.0,6.2,6.0,6.0,6.0,5.8,5.8,6.75,5.8,5.8,5.8,6.75,5.25,5.6,5.6,5.4,5.4,0,5.4,5.4,5.4,5.4,5.6,5.6,5.6,5.6,5.2,6.25,5.2,5.0,4.6,4.6,4.6,5.75,4.6,5.0,4.8,0,5.2,5.2,5.2,6.25,5.0,4.4,4.5,4.6,4.8,7.0,4.8,4.8,4.8,5.0,6.0,5.0,5.0,5.0,5.2,7.666666666666667,4.8,4.8,5.0,5.4,6.5,5.8,5.8,3.75,5.6,7.333333333333333,3.5,5.4,5.6,6.5,5.8,7.2,7.4,7.4,7.2,0,6.5,7.6,7.4,7.4,7.2,7.4,7.2,7.2,7.2,9.666666666666666,6.6,8.0,6.6,6.0,6.4,6.4,6.4,6.4,5.8,0,5.8,5.8,6.0,6.0,6.2,6.2,6.4,6.4,6.4,7.0,6.6,6.8,7.0,7.0,6.8,7.0,7.0,5.75,7.2,8.5,7.0,7.2,7.0,6.0,7.2,7.2,7.2,5.75,7.0,8.75,7.2,7.4,7.4,7.2,7.6,7.4,7.6,7.6,7.4,0,7.4,7.0,7.4,7.4,7.4,7.4,7.2,7.0,7.0,8.25,6.4,6.4,6.0,5.6,5.6,5.6,5.6,5.8,5.8,0,5.6,5.8,5.8,5.6,5.4,5.4,5.2,5.2,5.2,0,5.0,4.8,4.8,4.8,4.8,4.8,4.6,4.6,4.6,4.6,4.6,4.6,4.2,4.0,4.0,4.0,4.2,4.6,4.4,4.4,3.75,4.8,5.0,5.0,4.8,4.8,5.0,5.4,5.4,0,5.4,5.0,5.2,5.0,4.8,4.8,4.6,4.6,4.6,4.8,4.8,5.0,5.0,5.2,4.8,4.8,4.6,5.2,5.4,0,5.0,4.8,5.0,5.0,4.6,4.4,3.5,3.5,3.5,0,3.5,3.5,4.666666666666667,3.0,3.0,3.6,3.6,3.2,3.0,3.5,2.8,2.8,2.2,2.2,2.0,2.2,2.4,2.4,2.2,1.8,2.2,2.2,2.4,2.2,2.2,3.0,3.0,2.6,2.8,0,3.5,3.0,3.0,3.4,3.4,3.0,3.2,3.4,3.2,3.6,3.6,3.4,3.6,3.6,3.2,3.5,3.0,2.2,2.2,0,2.2,2.4,2.6,2.6,2.6,2.6,2.4,2.4,2.6,0,2.8,2.8,2.8,2.8,2.8,3.0,2.8,2.8,2.8,2.5,2.6,2.6,2.8,2.4,2.2,2.0,1.8,2.4,2.2,2.0,2.0,2.0,1.8,1.25,1.6,1.4,1.75,1.4,1.2,0,1.25,1.0,1.0,1.2,1.2,2.0,1.6,2.0,1.4,1.3333333333333333,1.4,1.4,2.0,1.6,1.6,2.0,1.6,1.8,1.2,0,1.0,1.6666666666666667,1.6,2.0,1.8,1.8,1.8,2.2,2.2,0,2.2,2.0,2.2,2.6,3.0,3.4,3.2,3.2,2.8,3.3333333333333335,2.8,2.8,3.25,2.6,2.4,1.8,2.2,2.4,1.8,1.6666666666666667,1.8,1.8,1.0,0.8,0.8,0.6,0.8,1.2,1.6,0,2.2,2.2,2.2,2.4,2.4,2.6,2.8,3.0,3.2,4.5,3.6,3.4,3.4,3.4,3.4,3.4,3.4,3.4,3.4,0,3.6,3.2,3.2,2.8,3.0,2.8,3.25,2.4,2.4,5.0,2.2,2.2,2.2,2.4,2.25,1.8,1.6,1.8,1.8,1.75,2.0,2.0,2.4,2.75,2.75,2.0,1.8,2.4,2.8,2.25,2.8,2.6,2.6,2.6,2.6,2.4,2.8,3.0,3.0,0,3.2,3.2,3.4,3.6,3.6,3.8,4.0,4.0,4.0,4.0,4.0,4.2,4.2,4.4,4.4,4.4,4.4,4.2,4.2,0,4.0,4.0,4.2,4.2,4.2,4.0,4.4,4.4,4.8,0,5.2,4.6,4.2,4.4,4.4,4.4,4.6,4.6,4.8,4.8,4.8,4.8,4.4,4.8,5.0,4.4,4.4,4.6,4.6,3.0,4.4,4.0,4.2,4.8,4.8,5.0,4.8,4.8,5.0,0,4.8,5.0,5.0,5.0,4.2,4.0,4.0,4.0,4.0,4.0,4.0,4.2,4.6,4.6,4.2,3.8,3.6,3.8,3.6,0,4.6,4.6,4.6,4.6,4.4,4.4,4.2,4.4,4.8,0,5.2,5.2,5.2,5.0,4.8,4.8,4.8,4.6,4.6,5.0,5.6,5.2,5.2,5.4,5.4,5.6,5.6,5.6,5.4,3.0,5.0,5.0,4.8,4.8,4.8,4.8,4.6,4.8,4.8,0,4.4,4.4,4.4,4.4,4.2,4.2,4.25,3.5,4.2,3.75,4.2,4.4,4.0,4.0,4.2,4.4,4.6,4.8,5.0,0,4.8,4.8,4.6,4.8,5.4,5.4,6.5,6.2,6.4,0,5.5,7.2,6.6,7.0,7.4,7.0,8.0,8.0,8.0,6.0,8.0,8.0,8.0,8.2,8.8,9.25,8.8,9.2,9.2,7.0,9.0,8.6,8.8,9.0,9.0,9.0,9.2,9.8,9.8,0,10.8,10.8,10.8,11.0,10.6,9.8,10.0,9.8,9.6,6.333333333333333,10.0,9.4,9.4,9.4,9.6,9.4,9.4,9.2,9.4,0,10.2,10.6,11.0,10.6,10.8,10.8,10.8,10.8,10.8,0,10.6,10.4,10.4,9.8,9.8,9.6,9.8,10.2,10.2,7.75,9.6,9.4,9.2,9.6,9.6,9.4,9.8,10.4,10.2,9.75,10.8,10.8,10.6,10.6,10.4,10.8,11.6,11.8,11.6,0,11.6,11.2,10.6,10.4,10.0,9.8,9.6,9.8,10.4,10.0,10.6,10.4,10.4,10.4,10.6,10.8,10.8,11.2,11.0,0,11.0,12.2,12.4,12.6,12.6,12.6,12.8,13.2,13.6,11.0,13.6,13.8,13.6,13.6,13.4,12.6,12.6,12.6,13.0,13.2,13.4,13.4,13.4,13.4,13.6,13.8,13.8,14.0,14.0,14.6,14.8,14.4,14.6,14.6,14.6,15.0,16.4,16.8,16.6,0,17.6,17.6,17.4,17.4,18.75,17.6,17.4,17.4,17.8,18.2,18.2,18.2,18.4,18.8,19.0,19.0,18.6,19.4,19.4,0,19.4,19.4,19.2,18.8,18.6,19.0,19.0,19.2,19.2,19.0,19.4,19.4,19.4,19.6,19.6,19.6,19.6,19.6,19.6,20.25,19.4,18.6,18.4,18.8,19.0,18.6,18.6,19.0,18.8,18.8,18.8,19.0,19.0,19.2,19.2,19.2,19.4,19.6,19.2,0,19.0,18.6,18.8,18.8,19.0,19.0,19.0,19.0,18.8,19.0,19.0,19.0,19.0,19.2,19.0,18.4,18.4,18.4,18.8,0,18.5,18.6,19.0,19.0,19.4,19.4,19.4,19.2,19.4,19.5,19.2,19.4,19.4,19.4,19.2,19.0,19.0,19.4,19.2,18.5,19.0,18.8,19.4,19.4,19.6,19.6,19.6,19.6,19.4,17.666666666666668,19.2,19.4,19.0,19.0,19.0,19.2,19.4,19.2,19.0,0,19.0,19.0,18.6,18.8,18.6,18.8,19.0,19.2,19.4,19.0,19.6,19.4,19.2,19.2,19.6,20.25,19.6,19.75,19.2,0,19.4,19.4,19.4,19.4,19.6,19.4,19.6,20.0,20.0,19.0,20.0,20.0,20.0,20.0,19.8,19.6,19.4,19.6,19.6,18.666666666666668,19.6,19.6,19.6,19.6,19.6,19.8,19.6,19.6,19.4,18.75,19.2,18.8,18.8,18.8,18.8,18.8,18.8,18.8,18.6,0,19.2,18.6,18.8,18.8,18.6,18.8,18.8,18.8,19.2,18.75,19.4,19.4,19.4,19.6,19.6,19.8,19.8,19.8,19.6,0,19.6,19.4,19.4,18.2,18.0,17.6,17.4,17.2,17.0,16.0,16.8,16.6,16.6,16.6,16.8,16.8,16.2,16.2,16.4,15.25,16.6,16.6,16.6,16.8,16.8,16.8,16.4,16.6,16.6,15.25,16.2,16.2,16.4,16.6,16.6,17.0,16.8,16.8,16.8
0,16.6,16.4,16.4,16.6,16.6,16.6,16.6,16.6,16.4,16.2,16.4,16.4,16.4,16.4,16.4,16.4,16.4,16.2,16.0,0,16.0,16.75,16.0,15.0,15.2,15.4,15.6,15.8,15.8,15.4,15.4,15.4,15.4,15.4,15.4,15.5,15.0,15.2,15.2,15.0,15.2,15.2,15.4,15.4,15.4,15.4,15.0,15.0,14.8,14.0,14.2,13.8,13.4,13.2,13.2,12.8,12.6,12.6,12.8,11.75,13.0,13.0,13.0,13.0,13.0,13.0,13.0,13.2,13.6,12.0,13.6,13.6,13.4,13.4,13.4,13.4,13.8,13.8,13.8,0,13.8,13.8,13.8,15.25,14.0,14.0,14.0,14.0,13.6,12.5,14.2,14.2,14.2,14.2,14.2,14.2,14.2,14.2,14.2,12.75,14.2,14.2,14.2,14.2,14.2,14.6,14.6,14.6,14.6,13.0,14.4,14.4,14.4,14.4,14.4,14.6,14.6,14.6,14.6,0,14.8,14.8,14.8,14.75,15.2,15.2,15.0,15.0,15.0,14.0,15.2,15.2,15.2,15.4,15.4,15.4,15.4,15.4,15.4,0,15.2,15.2,15.2,15.2,15.2,15.4,15.2,15.2,15.2,15.2,15.2,15.2,15.2,15.2,15.4,15.4,15.4,15.4,15.4,15.4,15.4,15.4,15.4,15.4,15.4,15.4,15.6,15.4,15.4,15.4,15.4,15.4,15.4,15.2,15.2,15.2,15.0,15.0,15.0,15.0,15.25,15.25,15.0,15.0,15.0,15.0,15.0,15.0,15.0,15.25,15.0,15.0,15.0,15.0,15.0,15.0,15.0,14.6,14.6,0,14.6,14.6,14.6,14.6,14.6,14.6,14.6,14.6,14.6,14.75,15.0,14.6,14.6,14.6,14.6,14.6,14.6,14.6,14.6,14.75,14.6,14.6,14.6,14.6,14.6,14.6,14.4,14.2,14.2,14.25,14.2,14.2,14.2,14.2,14.2,14.2,14.2,13.25,14.2,13.0,14.0,13.8,13.8,13.4,13.4,13.4,13.4,13.4,13.4,12.0,13.4,13.4,13.4,13.2,12.0,13.2,13.2,13.2,13.2,0,12.8,12.8,13.0,13.0,13.0,11.75,13.0,13.0,13.0,13.0,11.75,13.2,11.75,13.2,13.2,13.0,11.5,13.0,13.0,13.0,13.0,13.0,13.0,13.0,13.0,13.0,11.666666666666666,12.8,12.4,11.5,12.6,12.6,12.6,12.6,11.5,12.6,12.6,12.6,12.6,12.6,12.6,11.5,12.6,12.6,12.6,12.4,12.4,12.4,12.4,12.4,12.2,12.2,12.2,12.2,12.2,12.2,12.0,12.2,12.2,0,12.0,12.0,12.0,12.0,12.0,12.0,12.0,12.0,12.0,12.0,12.0,12.0,12.0,12.0,12.0,12.0,12.0,12.0,12.0,12.0,10.75,12.0,12.0,12.0,12.0,12.0,12.0,12.0,12.0,12.0,12.0,12.0,12.0,12.0,12.0,12.0,12.0,12.0,11.8,11.8,11.8,11.8,11.8,11.8,11.8,12.0,12.0,11.75,12.0,12.0,12.0,12.0,12.0,11.8,11.8,11.8,11.8,11.8,11.8,0,11.8,11.8,11.8,11.8,11.8,11.8,11.8,11.8,11.8,12.25,11.8,11.8,11.8,11.8,11.8,11.6,11.6,11.6,11.6,11.6,11.6,11.6,11.6,11.6,11.8,11.8,12.0,12.0,12.0,12.2,12.4,12.4,12.4,12.6,12.6,12.4,12.4,12.2,12.2,12.5,12.2,12.2,12.2,12.2,12.2,12.0,12.0,11.8,11.8,11.8,11.8,11.8,11.8,11.8,11.8,12.0,11.8,11.8,11.8,0,11.8,11.8,11.8,11.6,11.2,10.8,10.8,10.4,10.2,10.2,10.2,10.2,10.0,10.0,9.75,9.8,9.6,9.6,9.6,9.5,9.6,9.6,9.6,9.6,9.4,9.4,9.4,9.4,9.0,8.75,8.8,8.6,8.6,8.6,8.6,8.6,8.6,8.6,8.6,0,8.6,8.4,8.4,8.4,9.5,8.6,8.4,8.4,8.4,8.4,8.2,8.2,8.2,8.4,8.4,8.6,8.4,8.0,8.2,0,8.2,8.0,8.2,8.4,7.8,8.0,8.0,8.0,8.0,8.0,8.0,8.0,7.8,7.8,8.0,8.2,8.2,8.2,8.4,9.0,8.0,7.8,7.8,7.6,7.6,7.4,7.0,7.0,7.4,8.75,7.2,7.6,7.6,7.4,7.4,7.2,7.2,7.0,6.4,0,6.0,6.0,6.2,6.2,6.0,6.0,6.2,6.2,6.2,6.0,5.8,5.6,5.0,5.8,5.8,6.2,6.2,6.2,6.2,0,6.4,6.6,7.0,6.6,6.4,6.6,6.8,6.5,6.6,0,6.6,6.6,7.0,7.0,6.8,6.8,6.8,6.8,6.2,6.4,6.8,6.8,6.8,6.6,6.8,6.4,6.2,6.2,6.2,6.6,6.8,6.6,6.6,6.4,6.4,6.0,6.2,6.0,6.2,0,6.25,6.4,6.4,6.4,6.6,6.6,5.25,6.8,6.6,6.6,6.6,6.6,6.4,6.4,6.4,6.6,6.4,6.4,6.4,0,6.2,6.0,6.0,6.0,5.6,5.8,6.0,6.0,6.0,0,6.2,6.2,6.0,6.2,6.2,6.0,5.6,5.8,5.6,5.4,5.4,5.4,5.4,5.6,5.4,5.4,5.2,5.0,4.8,4.8,4.6,4.8,5.0,5.0,5.0,5.4,5.6,5.4,5.0,0,5.0,5.0,5.0,5.0,4.8,4.8,4.8,4.2,3.8,3.6,3.2,3.2,3.2,3.2,3.2,3.2,3.2,3.2,3.2,0,4.0,3.2,3.2,3.2,3.2,3.2,3.2,3.0,3.2,0,3.4,3.4,3.4,3.4,3.4,3.4,3.4,3.6,4.0,5.0,4.2,4.0,4.8,5.0,4.8,4.8,4.4,4.2,4.2,4.75,4.2,4.8,5.2,5.2,5.2,5.4,5.2,5.2,5.2,0,5.2,5.2,5.8,5.8,5.2,5.0,4.8,5.0,4.6,5.5,4.2,4.2,4.2,4.2,4.0,3.8,3.8,3.8,3.8,0,3.8,3.8,3.6,3.6,3.6,4.0,0.5,5.0,4.4,0,4.0,3.4,4.25,3.4,3.4,3.4,3.8,3.6,3.2,0.0,3.0,3.4,3.4,3.2,3.4,3.4,3.4,3.4,3.4,1.3333333333333333,3.4,3.2,3.2,3.4,3.4,3.4,3.4,3.2,3.2,0,3.4,3.2,3.2,3.0,3.0,3.6,3.8,4.0,4.0,2.3333333333333335,4.0,4.0,4.2,4.4,4.4,4.0,4.0,4.0,4.0,0,4.0,3.4,3.2,3.0,3.0,2.6,2.8,3.0,3.0,0,2.8,2.8,2.8,2.8,3.0,3.2,3.2,2.8,2.8,0.75,2.6,2.8,2.6,2.4,2.4,2.4,2.4,2.8,2.8,1.25,2.8,2.6,2.6,2.8,2.8,2.4,2.4,2.8,2.2,0,2.0,1.8,1.8,1.8,1.8,1.4,1.4,1.4,1.4,0.0,1.4,1.4,1.6,1.6,1.8,1.8,2.0,2.0,1.8,0,2.0,2.0,2.0,2.0,2.0,2.2,2.0,2.2,2.2,0,2.4,2.4,2.6,2.4,2.4,2.4,2.6,2.6,2.6,2.2,2.2,2.8,3.0,3.0,3.6,3.0,3.0,3.2,3.0,2.6,2.6,2.4,2.4,2.4,2.4,2.4,2.6,2.4,2.2,0,2.2,2.2,2.2,2.2,2.0,2.2,2.4,2.6,2.6,3.0,3.0,2.8,2.6,2.6,2.4,2.2,2.0,2.2,1.8,0,2.2,1.8,1.6,1.75,1.6,1.6,1.75,1.6,1.6,0,1.6,1.6,2.0,2.0,2.0,2.2,2.0,1.8,1.8,1.6666666666666667,1.8,2.25,2.0,2.4,2.4,2.4,2.4,2.4,2.2,1.3333333333333333,2.0,2.0,2.0,2.4,2.4,2.2,2.2,2.4,1.4,0,1.4,1.6,1.6,1.6,1.6,1.6,1.6,1.4,1.4,1.5,1.6,1.6,1.6,2.0,2.0,2.0,1.8,1.8,1.8,0,1.8,1.8,1.8,1.8,1.8,1.8,2.0,2.2,2.4,0,3.0,2.4,2.4,2.0,1.6,2.0,2.0,1.8,2.0,2.25,2.6,3.25,2.4,2.4,2.2,2.4,2.4,2.6,2.6,3.3333333333333335,2.8,2.6,2.4,2.0,2.0,1.8,2.2,2.2,2.2,0,2.0,2.0,2.0,2.4,2.2,2.2,2.6,3.2,3.4,5.333333333333333,3.4,3.6,3.6,3.6,4.0,4.0,3.2,3.2,2.6,0,2.8,2.8,2.8,2.8,2.8,3.2,3.8,4.0,4.2,0,4.2,5.2,5.2,5.4,5.4,5.4,5.6,5.6,5.8,6.25,6.0,6.4,6.4,6.4,6.0,6.0,6.2,6.2,6.2,7.25,6.6,6.8,6.4,6.6,6.6,6.8,6.6,7.0,7.0,0,7.2,7.0,7.0,7.0,7.6,7.8,7.6,7.2,7.2,9.25,7.6,7.0,6.8,6.8,6.6,6.4,6.2,6.2,6.0,0,6.6,6.6,6.6,6.6,7.0,6.8,6.8,6.8,7.0,5.0,7.4,8.2,7.8,7.8,7.8,7.6,7.4,7.4,6.8,6.6,6.8,6.6,6.8,7.2,7.2,7.2,7.8,7.6,7.8,8.0,8.0,8.2,6.0,8.4,8.4,8.0,8.6,8.6,9.0,0,9.0,8.4,7.8,7.8,7.8,7.8,8.0,8.2,8.2,9.5,9.4,9.0,9.0,9.2,9.0,9.0,9.0,9.2,9.4,0,9.8,10.0,10.0,10.0,10.0,9.8,10.0,10.4,10.2,6.5,9.8,9.6,10.0,10.0,10.4,10.2,10.4,10.6,10.2,10.666666666666666,10.4,10.6,10.4,10.6,10.6,10.4,10.8,10.8,10.6,11.0,10.6,10.4,10.2,10.4,10.4,10.4,10.4,10.4,10.6,0,10.6,10.8,10.6,10.6,10.8,10.8,11.0,10.8,10.6,10.0,10.6,10.0,10.0,9.6,9.6,9.2,9.4,9.6,9.6,0,9.0,9.0,9.2,9.0,9.0,9.0,9.2,9.2,9.0,6.0,8.8,8.6,8.6,8.6,8.0,7.2,7.4,7.4,7.4,9.333333333333334,7.8,7.2,7.4,7.4,8.0,8.2,8.4,8.4,8.4,10.333333333333334,8.8,8.8,8.8,8.8,8.8,8.6,6.0,9.0,9.0,0,9.0,9.75,9.0,9.2,9.0,9.0,9.2,9.2,9.0,9.0,9.75,9.0,10.2,10.2,9.8,9.8,10.0,10.2,10.0,0,9.8,10.0,10.2,10.2,10.2,10.4,10.6,10.8,10.8,11.5,10.8,11.2,11.4,11.4,11.4,11.2,11.0,10.8,10.6,11.0,10.2,10.0,9.8,9.8,9.8,9.8,9.8,10.0,10.0,11.0,10.6,10.6,10.4,10.4,10.0,10.0,10.0,9.8,9.6,0,9.6,9.6,9.8,10.0,10.2,8.0,10.2,10.2,10.2,11.25,10.4,10.4,10.4,10.4,10.6,10.8,11.0,11.0,11.0,0,11.0,11.0,11.0,11.0,11.0,11.2,11.4,11.4,11.2,11.75,12.5,11.0,11.0,11.0,11.0,11.2,11.2,11.2,10.8,10.8,10.8,10.8,10.6,11.0,11.4,11.4,11.4,11.4,11.0,11.0,11.0,10.8,11.0,11.0,11.0,11.0,11.0,11.2,10.6,6.0,10.8,10.8,11.0,11.0,11.0,11.0,11.0,10.8,10.8,10.8,11.0,11.2,11.4,11.4,11.2,11.4,11.4,11.2,11.0,0,11.2,10.8,10.8,10.8,10.8,10.8,12.666666666666666,12.833333333333334,12.833333333333334,13.0,13.0,13.166666666666666,13.166666666666666,13.5,13.333333333333334,13.333333333333334,13.333333333333334,13.5,13.5,13.666666666666666,13.5,13.5,13.5,14.8,13.5,13.5,13.333333333333334,11.6,13.333333333333334,14.6,13.333333333333334,13.333333333333334,13.333333333333334,13.333333333333334,13.333333333333334,13.333333333333334,13.333333333333334,13.333333333333334,13.333333333333334
